# fragmentation : Kniehl & Kramer (N=0.694, eps=0.101)
# channel       : An0n
#   dipole file dir       : data/Pb/mve/glauber_mve_<b>
#   pD0 sweep             : 0.1 to 12.0 GeV, step 0.2
#   fixed rapidity y      : 0.5
# ============================================================
# b  pD0  dsigma_dy
0  0.1  4.33659e+06
0  0.3  2.8238e+06
0  0.5  1.93048e+06
0  0.7  1.34317e+06
0  0.9  945932
0  1.1  674068
0  1.3  484571
0  1.5  351544
0  1.7  257211
0  1.9  189830
0  2.1  141314
0  2.3  106159
0  2.5  80459.6
0  2.7  61493.7
0  2.9  47444.8
0  3.1  36925
0  3.3  28966.8
0  3.5  22912
0  3.7  18258.7
0  3.9  14645.3
0  4.1  11834.4
0  4.3  9627.18
0  4.5  7880.69
0  4.7  6486.72
0  4.9  5369.68
0  5.1  4469.73
0  5.3  3738.81
0  5.5  3142.32
0  5.7  2652.78
0  5.9  2250.36
0  6.1  1915.2
0  6.3  1636.37
0  6.5  1403.24
0  6.7  1207.8
0  6.9  1042.92
0  7.1  902.376
0  7.3  785.029
0  7.5  683.839
0  7.7  597.353
0  7.9  523.322
0  8.1  459.62
0  8.3  404.739
0  8.5  357.246
0  8.7  315.99
0  8.9  280.069
0  9.1  248.729
0  9.3  221.377
0  9.5  197.361
0  9.7  176.199
0  9.9  157.741
0  10.1  141.418
0  10.3  127.02
0  10.5  114.316
0  10.7  102.992
0  10.9  92.9334
0  11.1  83.9492
0  11.3  75.9528
0  11.5  68.7709
0  11.7  62.4118
0  11.9  56.713
2  0.1  4.33255e+06
2  0.3  2.82111e+06
2  0.5  1.92859e+06
2  0.7  1.34184e+06
2  0.9  944956
2  1.1  673342
2  1.3  484024
2  1.5  351133
2  1.7  256893
2  1.9  189586
2  2.1  141127
2  2.3  106014
2  2.5  80346.6
2  2.7  61405.6
2  2.9  47375.7
2  3.1  36870.2
2  3.3  28923.2
2  3.5  22876.7
2  3.7  18230.4
2  3.9  14622.4
2  4.1  11815.7
2  4.3  9611.9
2  4.5  7868.15
2  4.7  6476.35
2  4.9  5361
2  5.1  4462.53
2  5.3  3732.76
2  5.5  3137.21
2  5.7  2648.47
2  5.9  2246.66
2  6.1  1912.02
2  6.3  1633.69
2  6.5  1400.96
2  6.7  1205.82
2  6.9  1041.17
2  7.1  900.872
2  7.3  783.709
2  7.5  682.699
2  7.7  596.34
2  7.9  522.451
2  8.1  458.868
2  8.3  404.062
2  8.5  356.644
2  8.7  315.441
2  8.9  279.593
2  9.1  248.328
2  9.3  220.998
2  9.5  197.003
2  9.7  175.89
2  9.9  157.464
2  10.1  141.177
2  10.3  126.797
2  10.5  114.114
2  10.7  102.805
2  10.9  92.7612
2  11.1  83.8044
2  11.3  75.8253
2  11.5  68.6573
2  11.7  62.3081
2  11.9  56.5992
4  0.1  4.32192e+06
4  0.3  2.81452e+06
4  0.5  1.92373e+06
4  0.7  1.33901e+06
4  0.9  943479
4  1.1  672012
4  1.3  483347
4  1.5  350708
4  1.7  256830
4  1.9  189684
4  2.1  141376
4  2.3  106299
4  2.5  80713.6
4  2.7  61556.9
4  2.9  47317.2
4  3.1  36716
4  3.3  28791.8
4  3.5  22771.8
4  3.7  18145.7
4  3.9  14554
4  4.1  11760
4  4.3  9566.23
4  4.5  7830.51
4  4.7  6445.03
4  4.9  5335.1
4  5.1  4440.76
4  5.3  3714.49
4  5.5  3121.8
4  5.7  2635.4
4  5.9  2235.53
4  6.1  1902.5
4  6.3  1625.55
4  6.5  1393.93
4  6.7  1199.75
4  6.9  1035.94
4  7.1  896.361
4  7.3  779.728
4  7.5  679.21
4  7.7  593.386
4  7.9  519.78
4  8.1  456.56
4  8.3  402.014
4  8.5  354.813
4  8.7  313.813
4  8.9  278.165
4  9.1  247.028
4  9.3  219.856
4  9.5  195.887
4  9.7  175.058
4  9.9  156.652
4  10.1  140.463
4  10.3  126.155
4  10.5  113.53
4  10.7  102.265
4  10.9  92.2361
4  11.1  83.3525
4  11.3  75.4066
4  11.5  68.349
4  11.7  61.982
4  11.9  56.3053
6  0.1  4.30001e+06
6  0.3  2.79929e+06
6  0.5  1.9134e+06
6  0.7  1.33103e+06
6  0.9  937452
6  1.1  667445
6  1.3  479585
6  1.5  347737
6  1.7  254313
6  1.9  187609
6  2.1  139632
6  2.3  104835
6  2.5  79429.9
6  2.7  60720.4
6  2.9  46835
6  3.1  36426.4
6  3.3  28570.2
6  3.5  22594.5
6  3.7  18002.7
6  3.9  14438.4
6  4.1  11665.8
6  4.3  9489.07
6  4.5  7766.89
6  4.7  6392.13
6  4.9  5291.13
6  5.1  4404.02
6  5.3  3683.62
6  5.5  3095.69
6  5.7  2613.25
6  5.9  2216.68
6  6.1  1886.47
6  6.3  1611.76
6  6.5  1382.03
6  6.7  1189.5
6  6.9  1027.06
6  7.1  888.635
6  7.3  773.045
6  7.5  673.338
6  7.7  588.189
6  7.9  515.264
6  8.1  452.563
6  8.3  398.521
6  8.5  351.745
6  8.7  311.103
6  8.9  275.727
6  9.1  244.879
6  9.3  217.725
6  9.5  194.272
6  9.7  173.446
6  9.9  155.279
6  10.1  139.207
6  10.3  125.026
6  10.5  112.518
6  10.7  101.372
6  10.9  91.4704
6  11.1  82.6303
6  11.3  74.7451
6  11.5  67.6878
6  11.7  61.45
6  11.9  55.8155
8  0.1  4.27058e+06
8  0.3  2.77973e+06
8  0.5  1.89977e+06
8  0.7  1.32131e+06
8  0.9  930367
8  1.1  662172
8  1.3  475614
8  1.5  344733
8  1.7  252011
8  1.9  185844
8  2.1  138272
8  2.3  103787
8  2.5  78615.9
8  2.7  60054.4
8  2.9  46313.8
8  3.1  36031.4
8  3.3  28255.8
8  3.5  22343.4
8  3.7  17800.7
8  3.9  14274.7
8  4.1  11532.4
8  4.3  9379.77
8  4.5  7676.87
8  4.7  6318.16
8  4.9  5229.14
8  5.1  4352.17
8  5.3  3640.04
8  5.5  3058.93
8  5.7  2582.13
8  5.9  2190.21
8  6.1  1863.82
8  6.3  1592.36
8  6.5  1365.36
8  6.7  1175.07
8  6.9  1014.58
8  7.1  877.772
8  7.3  763.559
8  7.5  665.141
8  7.7  580.936
8  7.9  508.9
8  8.1  446.952
8  8.3  393.556
8  8.5  347.35
8  8.7  307.206
8  8.9  272.288
8  9.1  241.809
8  9.3  215.217
8  9.5  191.773
8  9.7  171.356
8  9.9  153.338
8  10.1  137.461
8  10.3  123.456
8  10.5  111.097
8  10.7  100.077
8  10.9  90.2991
8  11.1  81.576
8  11.3  73.7933
8  11.5  66.8584
8  11.7  60.6707
8  11.9  55.0864
10  0.1  4.23426e+06
10  0.3  2.75631e+06
10  0.5  1.88275e+06
10  0.7  1.31018e+06
10  0.9  922487
10  1.1  656331
10  1.3  471586
10  1.5  341803
10  1.7  250041
10  1.9  184547
10  2.1  137408
10  2.3  103328
10  2.5  78305.4
10  2.7  59744.9
10  2.9  45851
10  3.1  35533.4
10  3.3  27841.7
10  3.5  22013.4
10  3.7  17534.5
10  3.9  14059.2
10  4.1  11356.8
10  4.3  9235.71
10  4.5  7558.16
10  4.7  6221.51
10  4.9  5147.37
10  5.1  4283.81
10  5.3  3582.66
10  5.5  3010.44
10  5.7  2541.1
10  5.9  2155.28
10  6.1  1833.87
10  6.3  1566.65
10  6.5  1343.31
10  6.7  1156.06
10  6.9  998.125
10  7.1  863.493
10  7.3  751.108
10  7.5  654.267
10  7.7  571.408
10  7.9  500.549
10  8.1  439.602
10  8.3  387.059
10  8.5  341.595
10  8.7  302.102
10  8.9  267.747
10  9.1  237.774
10  9.3  211.401
10  9.5  188.616
10  9.7  168.397
10  9.9  150.746
10  10.1  135.147
10  10.3  121.376
10  10.5  109.228
10  10.7  98.4023
10  10.9  88.7733
10  11.1  80.1905
10  11.3  72.5486
10  11.5  65.6967
10  11.7  59.6216
10  11.9  54.1601
12  0.1  4.18108e+06
12  0.3  2.72094e+06
12  0.5  1.85886e+06
12  0.7  1.29213e+06
12  0.9  909090
12  1.1  646326
12  1.3  463696
12  1.5  335698
12  1.7  245132
12  1.9  180569
12  2.1  134212
12  2.3  100655
12  2.5  76150.4
12  2.7  58158.2
12  2.9  44826
12  3.1  34856.3
12  3.3  27321
12  3.5  21596.9
12  3.7  17199.3
12  3.9  13787.9
12  4.1  11135.8
12  4.3  9054.85
12  4.5  7409.19
12  4.7  6097.94
12  4.9  5044.72
12  5.1  4197.93
12  5.3  3510.43
12  5.5  2949.58
12  5.7  2489.49
12  5.9  2111.4
12  6.1  1796.37
12  6.3  1534.51
12  6.5  1315.68
12  6.7  1132.18
12  6.9  977.48
12  7.1  845.611
12  7.3  735.47
12  7.5  640.581
12  7.7  559.476
12  7.9  490.072
12  8.1  430.395
12  8.3  378.941
12  8.5  334.423
12  8.7  295.754
12  8.9  262.116
12  9.1  232.77
12  9.3  206.942
12  9.5  184.647
12  9.7  164.821
12  9.9  147.533
12  10.1  132.258
12  10.3  118.777
12  10.5  106.878
12  10.7  96.2855
12  10.9  86.8622
12  11.1  78.4714
12  11.3  70.9729
12  11.5  64.2702
12  11.7  58.3184
12  11.9  52.976
14  0.1  4.11932e+06
14  0.3  2.68017e+06
14  0.5  1.83041e+06
14  0.7  1.27185e+06
14  0.9  893783
14  1.1  635335
14  1.3  455439
14  1.5  329459
14  1.7  240394
14  1.9  176936
14  2.1  131426
14  2.3  98505.7
14  2.5  74487.7
14  2.7  56859.1
14  2.9  43806.5
14  3.1  34051.7
14  3.3  26682.4
14  3.5  21086
14  3.7  16788.1
14  3.9  13455.2
14  4.1  10865
14  4.3  8833.11
14  4.5  7226.63
14  4.7  5946.62
14  4.9  4918.81
14  5.1  4092.57
14  5.3  3421.96
14  5.5  2874.88
14  5.7  2426.2
14  5.9  2057.62
14  6.1  1750.41
14  6.3  1495.1
14  6.5  1281.81
14  6.7  1102.96
14  6.9  952.221
14  7.1  823.662
14  7.3  716.346
14  7.5  623.856
14  7.7  544.847
14  7.9  477.203
14  8.1  419.09
14  8.3  368.971
14  8.5  325.605
14  8.7  287.93
14  8.9  255.168
14  9.1  226.588
14  9.3  201.431
14  9.5  179.724
14  9.7  160.446
14  9.9  143.603
14  10.1  128.731
14  10.3  115.603
14  10.5  104.023
14  10.7  93.6588
14  10.9  84.5385
14  11.1  76.3561
14  11.3  69.0632
14  11.5  62.5415
14  11.7  56.7451
14  11.9  51.5494
16  0.1  4.04346e+06
16  0.3  2.63013e+06
16  0.5  1.79478e+06
16  0.7  1.24697e+06
16  0.9  875640
16  1.1  621875
16  1.3  445338
16  1.5  321834
16  1.7  234618
16  1.9  172517
16  2.1  128039
16  2.3  95896.7
16  2.5  72469.2
16  2.7  55283.8
16  2.9  42571.4
16  3.1  33076.5
16  3.3  25909.3
16  3.5  20467.5
16  3.7  16290.9
16  3.9  13053.4
16  4.1  10537.8
16  4.3  8565.33
16  4.5  7006.12
16  4.7  5764.14
16  4.9  4767.14
16  5.1  3965.65
16  5.3  3315.45
16  5.5  2784.99
16  5.7  2349.94
16  5.9  1992.69
16  6.1  1695.11
16  6.3  1447.66
16  6.5  1241.02
16  6.7  1067.79
16  6.9  921.751
16  7.1  797.239
16  7.3  693.26
16  7.5  603.707
16  7.7  527.32
16  7.9  461.703
16  8.1  405.46
16  8.3  356.943
16  8.5  314.953
16  8.7  278.502
16  8.9  246.799
16  9.1  219.146
16  9.3  194.808
16  9.5  173.803
16  9.7  155.13
16  9.9  138.853
16  10.1  124.462
16  10.3  111.765
16  10.5  100.56
16  10.7  90.5378
16  10.9  81.7203
16  11.1  73.799
16  11.3  66.753
16  11.5  60.4775
16  11.7  54.8214
16  11.9  49.8042
18  0.1  3.95158e+06
18  0.3  2.56889e+06
18  0.5  1.75221e+06
18  0.7  1.21656e+06
18  0.9  854129
18  1.1  605469
18  1.3  433063
18  1.5  312570
18  1.7  227574
18  1.9  167162
18  2.1  123938
18  2.3  92740.7
18  2.5  70031.8
18  2.7  53387
18  2.9  41083.9
18  3.1  31905.1
18  3.3  24980.2
18  3.5  19724.5
18  3.7  15693.7
18  3.9  12569.7
18  4.1  10144.6
18  4.3  8248.95
18  4.5  6741.07
18  4.7  5544.95
18  4.9  4584.77
18  5.1  3813.11
18  5.3  3187.44
18  5.5  2677.37
18  5.7  2258.9
18  5.9  1914.93
18  6.1  1628.87
18  6.3  1390.86
18  6.5  1192.16
18  6.7  1025.71
18  6.9  885.327
18  7.1  765.416
18  7.3  665.628
18  7.5  579.57
18  7.7  506.102
18  7.9  443.185
18  8.1  389.148
18  8.3  342.575
18  8.5  302.27
18  8.7  267.247
18  8.9  236.807
18  9.1  210.267
18  9.3  186.914
18  9.5  166.747
18  9.7  148.823
18  9.9  133.179
18  10.1  119.371
18  10.3  107.187
18  10.5  96.444
18  10.7  86.8325
18  10.9  78.3675
18  11.1  70.7698
18  11.3  64.0096
18  11.5  57.9652
18  11.7  52.5689
18  11.9  47.7404
20  0.1  3.83664e+06
20  0.3  2.49378e+06
20  0.5  1.69994e+06
20  0.7  1.17925e+06
20  0.9  826951
20  1.1  585398
20  1.3  418213
20  1.5  301280
20  1.7  219028
20  1.9  160659
20  2.1  118960
20  2.3  88929.9
20  2.5  67087.6
20  2.7  51098.3
20  2.9  39292.5
20  3.1  30493.8
20  3.3  23862.1
20  3.5  18831.8
20  3.7  14976.5
20  3.9  11990.8
20  4.1  9673.25
20  4.3  7863.07
20  4.5  6423.79
20  4.7  5285.65
20  4.9  4368.13
20  5.1  3630.81
20  5.3  3034.24
20  5.5  2547.87
20  5.7  2149.17
20  5.9  1821.79
20  6.1  1549.2
20  6.3  1322.62
20  6.5  1133.52
20  6.7  975.084
20  6.9  841.487
20  7.1  727.704
20  7.3  632.529
20  7.5  550.779
20  7.7  480.901
20  7.9  421.039
20  8.1  369.699
20  8.3  325.395
20  8.5  287.065
20  8.7  253.781
20  8.9  224.849
20  9.1  199.616
20  9.3  177.436
20  9.5  158.266
20  9.7  141.217
20  9.9  126.39
20  10.1  113.287
20  10.3  101.714
20  10.5  91.5055
20  10.7  82.3866
20  10.9  74.3403
20  11.1  67.125
20  11.3  60.7164
20  11.5  54.977
20  11.7  49.8491
20  11.9  45.273
22  0.1  3.69469e+06
22  0.3  2.40049e+06
22  0.5  1.63504e+06
22  0.7  1.133e+06
22  0.9  793271
22  1.1  560615
22  1.3  399706
22  1.5  287405
22  1.7  208554
22  1.9  152724
22  2.1  112913
22  2.3  84262.8
22  2.5  63514.8
22  2.7  48339.5
22  2.9  37130.1
22  3.1  28786.6
22  3.3  22498.9
22  3.5  17741.2
22  3.7  14109.4
22  3.9  11297.5
22  4.1  9105.65
22  4.3  7397.46
22  4.5  6044.95
22  4.7  4968.25
22  4.9  4108.1
22  5.1  3414.65
22  5.3  2848.56
22  5.5  2392.98
22  5.7  2017.44
22  5.9  1709.35
22  6.1  1453.96
22  6.3  1242.11
22  6.5  1064.41
22  6.7  915.859
22  6.9  791.707
22  7.1  686.927
22  7.3  596.424
22  7.5  519.762
22  7.7  454.995
22  7.9  399.783
22  8.1  352.369
22  8.3  310.939
22  8.5  275.667
22  8.7  244.698
22  8.9  218.255
22  9.1  195.036
22  9.3  174.899
22  9.5  156.507
22  9.7  141.143
22  9.9  127.647
22  10.1  115.634
22  10.3  105.309
22  10.5  95.8139
22  10.7  87.4817
22  10.9  79.9535
22  11.1  73.1995
22  11.3  67.1625
22  11.5  61.8805
22  11.7  57.0043
22  11.9  52.5604
24  0.1  3.51546e+06
24  0.3  2.28269e+06
24  0.5  1.55326e+06
24  0.7  1.07494e+06
24  0.9  751121
24  1.1  529624
24  1.3  376557
24  1.5  270181
24  1.7  195583
24  1.9  142906
24  2.1  105457
24  2.3  78583.8
24  2.5  59112.8
24  2.7  44926.3
24  2.9  34485.9
24  3.1  26701.2
24  3.3  20860.5
24  3.5  16437.8
24  3.7  13056.1
24  3.9  10447.4
24  4.1  8413.84
24  4.3  6828.39
24  4.5  5577.03
24  4.7  4582.45
24  4.9  3788.73
24  5.1  3147.24
24  5.3  2626.54
24  5.5  2204.2
24  5.7  1859.36
24  5.9  1574.19
24  6.1  1338.1
24  6.3  1141.79
24  6.5  978.115
24  6.7  841.085
24  6.9  725.511
24  7.1  627.166
24  7.3  544.944
24  7.5  474.321
24  7.7  413.981
24  7.9  362.351
24  8.1  318.021
24  8.3  279.819
24  8.5  246.791
24  8.7  218.114
24  8.9  193.186
24  9.1  171.483
24  9.3  152.488
24  9.5  135.876
24  9.7  121.22
24  9.9  108.45
24  10.1  97.1868
24  10.3  87.2308
24  10.5  78.4546
24  10.7  70.6165
24  10.9  63.712
24  11.1  57.5155
24  11.3  52.016
24  11.5  47.1095
24  11.7  42.7059
24  11.9  38.7702
26  0.1  3.28729e+06
26  0.3  2.13083e+06
26  0.5  1.44894e+06
26  0.7  1.00081e+06
26  0.9  697581
26  1.1  490285
26  1.3  347578
26  1.5  248567
26  1.7  179378
26  1.9  130660
26  2.1  96182.5
26  2.3  71549.1
26  2.5  53737.4
26  2.7  40766.5
26  2.9  31216.6
26  3.1  24138.7
26  3.3  18837.2
26  3.5  14828.2
26  3.7  11766
26  3.9  9406.89
26  4.1  7574.38
26  4.3  6142.62
26  4.5  5011.12
26  4.7  4117.25
26  4.9  3400.15
26  5.1  2822.91
26  5.3  2354.74
26  5.5  1976.5
26  5.7  1665.47
26  5.9  1409.46
26  6.1  1197.61
26  6.3  1021.54
26  6.5  874.755
26  6.7  751.907
26  6.9  648.407
26  7.1  560.482
26  7.3  486.843
26  7.5  423.602
26  7.7  369.606
26  7.9  323.428
26  8.1  283.826
26  8.3  249.666
26  8.5  220.127
26  8.7  194.518
26  8.9  172.241
26  9.1  152.853
26  9.3  135.904
26  9.5  121.061
26  9.7  107.973
26  9.9  96.6045
26  10.1  86.5714
26  10.3  77.6859
26  10.5  69.8586
26  10.7  62.9043
26  10.9  56.723
26  11.1  51.2003
26  11.3  46.2911
26  11.5  41.9139
26  11.7  37.9781
26  11.9  34.4773
28  0.1  2.99015e+06
28  0.3  1.93682e+06
28  0.5  1.31536e+06
28  0.7  905717
28  0.9  629054
28  1.1  440387
28  1.3  310735
28  1.5  221269
28  1.7  159060
28  1.9  115460
28  2.1  84699.2
28  2.3  62788.4
28  2.5  47030.1
28  2.7  35588.8
28  2.9  27207.2
28  3.1  21012.7
28  3.3  16369.7
28  3.5  12867.9
28  3.7  10197.4
28  3.9  8143.28
28  4.1  6549.99
28  4.3  5306.74
28  4.5  4325.59
28  4.7  3548.32
28  4.9  2930.44
28  5.1  2431.2
28  5.3  2027.97
28  5.5  1700.14
28  5.7  1431.7
28  5.9  1210.97
28  6.1  1028.37
28  6.3  876.766
28  6.5  750.421
28  6.7  644.753
28  6.9  555.781
28  7.1  480.292
28  7.3  416.93
28  7.5  362.67
28  7.7  316.292
28  7.9  276.669
28  8.1  242.706
28  8.3  213.416
28  8.5  188.103
28  8.7  166.183
28  8.9  147.108
28  9.1  130.52
28  9.3  116.013
28  9.5  103.321
28  9.7  92.1479
28  9.9  82.3989
28  10.1  73.8079
28  10.3  66.2723
28  10.5  59.5603
28  10.7  53.6045
28  10.9  48.3132
28  11.1  43.613
28  11.3  39.4264
28  11.5  35.6853
28  11.7  32.3338
28  11.9  29.3502
30  0.1  2.61394e+06
30  0.3  1.69079e+06
30  0.5  1.14481e+06
30  0.7  785904
30  0.9  542936
30  1.1  378188
30  1.3  265287
30  1.5  187849
30  1.7  134308
30  1.9  97011.4
30  2.1  70858.2
30  2.3  52318
30  2.5  39059.2
30  2.7  29467.9
30  2.9  22470.6
30  3.1  17314.5
30  3.3  13458.3
30  3.5  10559.9
30  3.7  8354.02
30  3.9  6660.69
30  4.1  5349.42
30  4.3  4329.06
30  4.5  3526.55
30  4.7  2890.25
30  4.9  2380.42
30  5.1  1974.79
30  5.3  1645.61
30  5.5  1378.34
30  5.7  1159.79
30  5.9  980.209
30  6.1  831.848
30  6.3  708.671
30  6.5  606.223
30  6.7  520.572
30  6.9  448.495
30  7.1  387.543
30  7.3  336.014
30  7.5  292.085
30  7.7  254.643
30  7.9  222.596
30  8.1  195.184
30  8.3  171.543
30  8.5  151.12
30  8.7  133.447
30  8.9  118.09
30  9.1  104.722
30  9.3  93.043
30  9.5  82.7979
30  9.7  73.8837
30  9.9  66.0182
30  10.1  59.1543
30  10.3  53.0507
30  10.5  47.6582
30  10.7  42.8781
30  10.9  38.6347
30  11.1  34.8795
30  11.3  31.5166
30  11.5  28.5186
30  11.7  25.8432
30  11.9  23.4533
32  0.1  2.1623e+06
32  0.3  1.39596e+06
32  0.5  942361
32  0.7  643897
32  0.9  441979
32  1.1  305611
32  1.3  212762
32  1.5  149542
32  1.7  106181
32  1.9  76220.4
32  2.1  55367
32  2.3  40670.4
32  2.5  30222.3
32  2.7  22724.2
32  2.9  17279.4
32  3.1  13266.2
32  3.3  10282.4
32  3.5  8042.28
32  3.7  6347.29
32  3.9  5051.17
32  4.1  4048.86
32  4.3  3272.86
32  4.5  2659.84
32  4.7  2176.74
32  4.9  1792.99
32  5.1  1483.95
32  5.3  1235.19
32  5.5  1033.48
32  5.7  868.671
32  5.9  733.357
32  6.1  621.662
32  6.3  529.145
32  6.5  452.127
32  6.7  387.899
32  6.9  333.908
32  7.1  288.376
32  7.3  249.79
32  7.5  217.007
32  7.7  189.062
32  7.9  165.183
32  8.1  144.758
32  8.3  127.166
32  8.5  111.98
32  8.7  98.8022
32  8.9  87.3853
32  9.1  77.4658
32  9.3  68.7926
32  9.5  61.2137
32  9.7  54.577
32  9.9  48.7404
32  10.1  43.6396
32  10.3  39.1344
32  10.5  35.1471
32  10.7  31.6069
32  10.9  28.4598
32  11.1  25.6718
32  11.3  23.191
32  11.5  20.9788
32  11.7  19.0174
32  11.9  17.2549
