# fragmentation : Kniehl & Kramer (N=0.694, eps=0.101)
# channel       : An0n
#   dipole file dir       : data/Pb/mve/glauber_mve_<b>
#   pD0 loop             : 0.1 to 12.0 GeV, step 0.2
#   fixed rapidity y      : 2.0
# ============================================================
# b  pD0  dsigma_dy
0  0.1  589.499
0  0.3  366.67
0  0.5  238.746
0  0.7  157.501
0  0.9  104.884
0  1.1  70.595
0  1.3  47.9793
0  1.5  32.964
0  1.7  22.8769
0  1.9  16.0347
0  2.1  11.3533
0  2.3  8.11509
0  2.5  5.86103
0  2.7  4.27398
0  2.9  3.14683
0  3.1  2.33786
0  3.3  1.75187
0  3.5  1.32356
0  3.7  1.00787
0  3.9  0.773445
0  4.1  0.597841
0  4.3  0.465187
0  4.5  0.364361
0  4.7  0.287128
0  4.9  0.227605
0  5.1  0.181389
0  5.3  0.145356
0  5.5  0.117023
0  5.7  0.0946232
0  5.9  0.0768821
0  6.1  0.0627406
0  6.3  0.0514205
0  6.5  0.042263
0  6.7  0.0349092
0  6.9  0.028889
0  7.1  0.0240254
0  7.3  0.0200334
0  7.5  0.0167545
0  7.7  0.0140377
0  7.9  0.0118037
0  8.1  0.0099524
0  8.3  0.00841318
0  8.5  0.00712889
0  8.7  0.00606288
0  8.9  0.00516227
0  9.1  0.00440523
0  9.3  0.00376693
0  9.5  0.00322381
0  9.7  0.0027706
0  9.9  0.00238033
0  10.1  0.00205021
0  10.3  0.0017693
0  10.5  0.00153219
0  10.7  0.00132684
0  10.9  0.00115109
0  11.1  0.00100017
0  11.3  0.000870289
0  11.5  0.0007583
0  11.7  0.0006606
0  11.9  0.000577207
2  0.1  589.024
2  0.3  366.373
2  0.5  238.549
2  0.7  157.367
2  0.9  104.792
2  1.1  70.5303
2  1.3  47.9333
2  1.5  32.931
2  1.7  22.8528
2  1.9  16.0171
2  2.1  11.3404
2  2.3  8.10556
2  2.5  5.85392
2  2.7  4.26865
2  2.9  3.14283
2  3.1  2.33482
2  3.3  1.74955
2  3.5  1.32178
2  3.7  1.00649
2  3.9  0.772374
2  4.1  0.597004
2  4.3  0.464527
2  4.5  0.363842
2  4.7  0.286714
2  4.9  0.227274
2  5.1  0.181124
2  5.3  0.145142
2  5.5  0.11685
2  5.7  0.094483
2  5.9  0.0767667
2  6.1  0.0626462
2  6.3  0.0513431
2  6.5  0.0421992
2  6.7  0.0348562
2  6.9  0.0288447
2  7.1  0.0239888
2  7.3  0.0200028
2  7.5  0.0167288
2  7.7  0.0140161
2  7.9  0.0117856
2  8.1  0.00993705
2  8.3  0.00840017
2  8.5  0.00711786
2  8.7  0.00605339
2  8.9  0.00515419
2  9.1  0.00439825
2  9.3  0.00376092
2  9.5  0.00321868
2  9.7  0.00276619
2  9.9  0.00237651
2  10.1  0.00204689
2  10.3  0.00176643
2  10.5  0.00152973
2  10.7  0.00132472
2  10.9  0.00114926
2  11.1  0.000998544
2  11.3  0.000868874
2  11.5  0.000757068
2  11.7  0.000659528
2  11.9  0.000576262
4  0.1  587.579
4  0.3  365.46
4  0.5  237.943
4  0.7  156.958
4  0.9  104.507
4  1.1  70.3337
4  1.3  47.7936
4  1.5  32.8307
4  1.7  22.7802
4  1.9  15.9642
4  2.1  11.3015
4  2.3  8.07694
4  2.5  5.83266
4  2.7  4.25281
4  2.9  3.13085
4  3.1  2.32563
4  3.3  1.74244
4  3.5  1.31613
4  3.7  1.00225
4  3.9  0.769072
4  4.1  0.594517
4  4.3  0.46254
4  4.5  0.362305
4  4.7  0.285487
4  4.9  0.226306
4  5.1  0.180395
4  5.3  0.144557
4  5.5  0.116364
4  5.7  0.094182
4  5.9  0.0765084
4  6.1  0.0624561
4  6.3  0.0511926
4  6.5  0.0421062
4  6.7  0.0347723
4  6.9  0.0288374
4  7.1  0.0239703
4  7.3  0.0200017
4  7.5  0.0167383
4  7.7  0.0140536
4  7.9  0.0118286
4  8.1  0.00999388
4  8.3  0.00845898
4  8.5  0.00717349
4  8.7  0.00610844
4  8.9  0.00520408
4  9.1  0.00445375
4  9.3  0.00381591
4  9.5  0.00327765
4  9.7  0.00282288
4  9.9  0.00243501
4  10.1  0.00210236
4  10.3  0.001821
4  10.5  0.00158169
4  10.7  0.00137501
4  10.9  0.00119856
4  11.1  0.00104587
4  11.3  0.000915747
4  11.5  0.000803754
4  11.7  0.000706007
4  11.9  0.000621674
6  0.1  585.178
6  0.3  363.963
6  0.5  236.944
6  0.7  156.287
6  0.9  104.045
6  1.1  70.0048
6  1.3  47.5605
6  1.5  32.6625
6  1.7  22.6582
6  1.9  15.8749
6  2.1  11.236
6  2.3  8.02841
6  2.5  5.79655
6  2.7  4.22571
6  2.9  3.11049
6  3.1  2.31032
6  3.3  1.73085
6  3.5  1.30743
6  3.7  0.995404
6  3.9  0.763754
6  4.1  0.590264
6  4.3  0.459233
6  4.5  0.359664
6  4.7  0.283395
6  4.9  0.224545
6  5.1  0.178991
6  5.3  0.143424
6  5.5  0.115457
6  5.7  0.0933754
6  5.9  0.0758446
6  6.1  0.0618853
6  6.3  0.050719
6  6.5  0.0416848
6  6.7  0.0344304
6  6.9  0.0285153
6  7.1  0.0236914
6  7.3  0.019754
6  7.5  0.0165197
6  7.7  0.0138407
6  7.9  0.011638
6  8.1  0.00981221
6  8.3  0.00829452
6  8.5  0.00703768
6  8.7  0.00597745
6  8.9  0.00508931
6  9.1  0.00434294
6  9.3  0.00371309
6  9.5  0.00318137
6  9.7  0.00273123
6  9.9  0.00234872
6  10.1  0.00202058
6  10.3  0.00174372
6  10.5  0.0015098
6  10.7  0.00130765
6  10.9  0.00113454
6  11.1  0.000985903
6  11.3  0.000857979
6  11.5  0.00074726
6  11.7  0.000652128
6  11.9  0.000569587
8  0.1  581.711
8  0.3  361.794
8  0.5  235.504
8  0.7  155.315
8  0.9  103.375
8  1.1  69.5328
8  1.3  47.2258
8  1.5  32.4216
8  1.7  22.4837
8  1.9  15.7476
8  2.1  11.1425
8  2.3  7.95933
8  2.5  5.74517
8  2.7  4.18725
8  2.9  3.08152
8  3.1  2.28838
8  3.3  1.71413
8  3.5  1.2946
8  3.7  0.985637
8  3.9  0.756056
8  4.1  0.584255
8  4.3  0.454504
8  4.5  0.35592
8  4.7  0.280418
8  4.9  0.222168
8  5.1  0.177086
8  5.3  0.141886
8  5.5  0.114212
8  5.7  0.0923364
8  5.9  0.0750148
8  6.1  0.0612081
8  6.3  0.050159
8  6.5  0.0412215
8  6.7  0.0340461
8  6.9  0.0281716
8  7.1  0.0234272
8  7.3  0.019533
8  7.5  0.0163349
8  7.7  0.0136848
8  7.9  0.0115061
8  8.1  0.00970063
8  8.3  0.00819982
8  8.5  0.00694752
8  8.7  0.00590817
8  8.9  0.00503038
8  9.1  0.0042925
8  9.3  0.00367023
8  9.5  0.00314095
8  9.7  0.00269924
8  9.9  0.00231894
8  10.1  0.00199719
8  10.3  0.00172344
8  10.5  0.00149242
8  10.7  0.00129234
8  10.9  0.00112117
8  11.1  0.000974089
8  11.3  0.000847559
8  11.5  0.000738433
8  11.7  0.000643238
8  11.9  0.000562027
10  0.1  577.11
10  0.3  358.898
10  0.5  233.588
10  0.7  154.015
10  0.9  102.483
10  1.1  68.9058
10  1.3  46.7815
10  1.5  32.1026
10  1.7  22.2527
10  1.9  15.579
10  2.1  11.0188
10  2.3  7.86801
10  2.5  5.67745
10  2.7  4.13669
10  2.9  3.04343
10  3.1  2.25942
10  3.3  1.69194
10  3.5  1.27735
10  3.7  0.972325
10  3.9  0.745834
10  4.1  0.576409
10  4.3  0.448386
10  4.5  0.351095
10  4.7  0.276587
10  4.9  0.219216
10  5.1  0.174721
10  5.3  0.139965
10  5.5  0.112704
10  5.7  0.091209
10  5.9  0.0740874
10  6.1  0.0604673
10  6.3  0.0495507
10  6.5  0.0407962
10  6.7  0.0336895
10  6.9  0.0279243
10  7.1  0.0232097
10  7.3  0.0193747
10  7.5  0.0162341
10  7.7  0.0136221
10  7.9  0.0114709
10  8.1  0.00968553
10  8.3  0.00821014
10  8.5  0.00696752
10  8.7  0.00592679
10  8.9  0.00505528
10  9.1  0.00432546
10  9.3  0.00370851
10  9.5  0.00318759
10  9.7  0.00274605
10  9.9  0.00237025
10  10.1  0.00205037
10  10.3  0.00177816
10  10.5  0.0015431
10  10.7  0.00134503
10  10.9  0.00117319
10  11.1  0.00102718
10  11.3  0.00090054
10  11.5  0.000789286
10  11.7  0.000695084
10  11.9  0.00061166
12  0.1  571.316
12  0.3  355.249
12  0.5  231.161
12  0.7  152.38
12  0.9  101.352
12  1.1  68.1118
12  1.3  46.2195
12  1.5  31.6982
12  1.7  21.9602
12  1.9  15.3658
12  2.1  10.8624
12  2.3  7.75248
12  2.5  5.59156
12  2.7  4.07241
12  2.9  2.99512
12  3.1  2.22299
12  3.3  1.66429
12  3.5  1.25638
12  3.7  0.956144
12  3.9  0.73314
12  4.1  0.566355
12  4.3  0.440442
12  4.5  0.344772
12  4.7  0.27159
12  4.9  0.215121
12  5.1  0.171431
12  5.3  0.137263
12  5.5  0.110521
12  5.7  0.0893338
12  5.9  0.072565
12  6.1  0.0591971
12  6.3  0.0484771
12  6.5  0.0398558
12  6.7  0.0329137
12  6.9  0.0272311
12  7.1  0.0226428
12  7.3  0.0188769
12  7.5  0.0157845
12  7.7  0.0132221
12  7.9  0.0111162
12  8.1  0.00937098
12  8.3  0.00792042
12  8.5  0.0067193
12  8.7  0.00570587
12  8.9  0.00485771
12  9.1  0.00414473
12  9.3  0.0035434
12  9.5  0.00303233
12  9.7  0.00260282
12  9.9  0.00223838
12  10.1  0.00192771
12  10.3  0.00166336
12  10.5  0.00144031
12  10.7  0.00124711
12  10.9  0.0010819
12  11.1  0.000939863
12  11.3  0.000817745
12  11.5  0.000712429
12  11.7  0.000620564
12  11.9  0.000542185
14  0.1  564.096
14  0.3  350.688
14  0.5  228.136
14  0.7  150.241
14  0.9  99.9461
14  1.1  67.1233
14  1.3  45.5201
14  1.5  31.1965
14  1.7  21.5974
14  1.9  15.1016
14  2.1  10.6675
14  2.3  7.60986
14  2.5  5.48574
14  2.7  3.99335
14  2.9  2.93569
14  3.1  2.17803
14  3.3  1.63005
14  3.5  1.22997
14  3.7  0.935906
14  3.9  0.71742
14  4.1  0.554078
14  4.3  0.430807
14  4.5  0.337159
14  4.7  0.265542
14  4.9  0.210295
14  5.1  0.167522
14  5.3  0.134144
14  5.5  0.107996
14  5.7  0.0872805
14  5.9  0.0708905
14  6.1  0.0578226
14  6.3  0.0473489
14  6.5  0.0389232
14  6.7  0.0321409
14  6.9  0.0265887
14  7.1  0.0221069
14  7.3  0.0184276
14  7.5  0.0154078
14  7.7  0.0129052
14  7.9  0.010849
14  8.1  0.00914507
14  8.3  0.00772896
14  8.5  0.00655654
14  8.7  0.00556722
14  8.9  0.00473941
14  9.1  0.00404364
14  9.3  0.00345675
14  9.5  0.00295805
14  9.7  0.00253894
14  9.9  0.00218331
14  10.1  0.00188018
14  10.3  0.00162223
14  10.5  0.00140466
14  10.7  0.00121616
14  10.9  0.001055
14  11.1  0.000916463
14  11.3  0.000797367
14  11.5  0.000694633
14  11.7  0.000604996
14  11.9  0.000528564
16  0.1  555.181
16  0.3  345.075
16  0.5  224.416
16  0.7  147.731
16  0.9  98.2174
16  1.1  65.9126
16  1.3  44.6622
16  1.5  30.5816
16  1.7  21.1532
16  1.9  14.7785
16  2.1  10.4309
16  2.3  7.43575
16  2.5  5.35671
16  2.7  3.89825
16  2.9  2.86342
16  3.1  2.1234
16  3.3  1.58847
16  3.5  1.1981
16  3.7  0.911356
16  3.9  0.69849
16  4.1  0.539197
16  4.3  0.419133
16  4.5  0.32794
16  4.7  0.258169
16  4.9  0.204459
16  5.1  0.16284
16  5.3  0.13037
16  5.5  0.104941
16  5.7  0.0848228
16  5.9  0.0688617
16  6.1  0.0561574
16  6.3  0.0459779
16  6.5  0.0377915
16  6.7  0.0312032
16  6.9  0.0258098
16  7.1  0.0214573
16  7.3  0.0178843
16  7.5  0.0149519
16  7.7  0.0125219
16  7.9  0.0105257
16  8.1  0.00887191
16  8.3  0.00749736
16  8.5  0.00635951
16  8.7  0.0053995
16  8.9  0.00459625
16  9.1  0.00392117
16  9.3  0.00334863
16  9.5  0.00286817
16  9.7  0.00246159
16  9.9  0.00211669
16  10.1  0.00182268
16  10.3  0.00157247
16  10.5  0.00135936
16  10.7  0.00117875
16  10.9  0.00102252
16  11.1  0.000888192
16  11.3  0.000772724
16  11.5  0.000673139
16  11.7  0.000586282
16  11.9  0.000512186
18  0.1  544.266
18  0.3  338.183
18  0.5  219.85
18  0.7  144.651
18  0.9  96.0993
18  1.1  64.4298
18  1.3  43.6129
18  1.5  29.8309
18  1.7  20.6117
18  1.9  14.3866
18  2.1  10.1434
18  2.3  7.22652
18  2.5  5.20185
18  2.7  3.78158
18  2.9  2.77593
18  3.1  2.05727
18  3.3  1.53815
18  3.5  1.15958
18  3.7  0.881691
18  3.9  0.675494
18  4.1  0.52124
18  4.3  0.405039
18  4.5  0.316817
18  4.7  0.249343
18  4.9  0.197415
18  5.1  0.157193
18  5.3  0.12582
18  5.5  0.101258
18  5.7  0.0818297
18  5.9  0.0664204
18  6.1  0.0541563
18  6.3  0.044333
18  6.5  0.0364334
18  6.7  0.0300522
18  6.9  0.0248979
18  7.1  0.020678
18  7.3  0.0172326
18  7.5  0.0144046
18  7.7  0.0120751
18  7.9  0.0101381
18  8.1  0.00854428
18  8.3  0.00721978
18  8.5  0.00612349
18  8.7  0.00519869
18  8.9  0.00442492
18  9.1  0.00377469
18  9.3  0.00322692
18  9.5  0.00276036
18  9.7  0.00236891
18  9.9  0.00203685
18  10.1  0.00175378
18  10.3  0.00151294
18  10.5  0.00130778
18  10.7  0.00113393
18  10.9  0.000983541
18  11.1  0.000854299
18  11.3  0.000743166
18  11.5  0.000647359
18  11.7  0.000563792
18  11.9  0.000492512
20  0.1  530.811
20  0.3  329.66
20  0.5  214.216
20  0.7  140.854
20  0.9  93.4899
20  1.1  62.6065
20  1.3  42.3243
20  1.5  28.9102
20  1.7  19.949
20  1.9  13.9051
20  2.1  9.79295
20  2.3  6.96926
20  2.5  5.01156
20  2.7  3.63995
20  2.9  2.66981
20  3.1  1.97716
20  3.3  1.4773
20  3.5  1.113
20  3.7  0.845863
20  3.9  0.64773
20  4.1  0.499676
20  4.3  0.388048
20  4.5  0.303411
20  4.7  0.238704
20  4.9  0.188933
20  5.1  0.150395
20  5.3  0.120347
20  5.5  0.0968261
20  5.7  0.0782298
20  5.9  0.0634831
20  6.1  0.0517493
20  6.3  0.0423541
20  6.5  0.0347998
20  6.7  0.0286997
20  6.9  0.0237735
20  7.1  0.019741
20  7.3  0.0164484
20  7.5  0.013748
20  7.7  0.0115228
20  7.9  0.00967265
20  8.1  0.00815091
20  8.3  0.00688669
20  8.5  0.00584028
20  8.7  0.00495757
20  8.9  0.00421865
20  9.1  0.00359869
20  9.3  0.00307287
20  9.5  0.00263129
20  9.7  0.00225791
20  9.9  0.00194304
20  10.1  0.00167122
20  10.3  0.00144157
20  10.5  0.00124594
20  10.7  0.00108023
20  10.9  0.00093691
20  11.1  0.000813592
20  11.3  0.000707672
20  11.5  0.00061639
20  11.7  0.000536862
20  11.9  0.000468973
22  0.1  513.904
22  0.3  318.973
22  0.5  207.182
22  0.7  136.12
22  0.9  90.235
22  1.1  60.3395
22  1.3  40.7248
22  1.5  27.7709
22  1.7  19.1305
22  1.9  13.3131
22  2.1  9.36189
22  2.3  6.65339
22  2.5  4.77834
22  2.7  3.46663
22  2.9  2.54014
22  3.1  1.87944
22  3.3  1.40282
22  3.5  1.05627
22  3.7  0.802016
22  3.9  0.613981
22  4.1  0.47336
22  4.3  0.367414
22  4.5  0.287168
22  4.7  0.225782
22  4.9  0.178652
22  5.1  0.142162
22  5.3  0.113735
22  5.5  0.0914619
22  5.7  0.0738381
22  5.9  0.0599245
22  6.1  0.04884
22  6.3  0.0399606
22  6.5  0.0328236
22  6.7  0.0270643
22  6.9  0.0223925
22  7.1  0.0186105
22  7.3  0.0155018
22  7.5  0.0129528
22  7.7  0.0108427
22  7.9  0.00911023
22  8.1  0.00767606
22  8.3  0.00649292
22  8.5  0.00549821
22  8.7  0.00466647
22  8.9  0.00396481
22  9.1  0.00338636
22  9.3  0.00289384
22  9.5  0.00247548
22  9.7  0.00212418
22  9.9  0.00182577
22  10.1  0.00157137
22  10.3  0.00135556
22  10.5  0.00117125
22  10.7  0.00101561
22  10.9  0.000880457
22  11.1  0.000764784
22  11.3  0.000665044
22  11.5  0.000579271
22  11.7  0.000504358
22  11.9  0.000441309
24  0.1  492.387
24  0.3  305.475
24  0.5  198.278
24  0.7  130.124
24  0.9  86.0994
24  1.1  57.4787
24  1.3  38.7124
24  1.5  26.3418
24  1.7  18.1066
24  1.9  12.5747
24  2.1  8.82564
24  2.3  6.26134
24  2.5  4.48962
24  2.7  3.25245
24  2.9  2.38019
24  3.1  1.75908
24  3.3  1.31157
24  3.5  0.986656
24  3.7  0.748477
24  3.9  0.572403
24  4.1  0.441133
24  4.3  0.342151
24  4.5  0.267232
24  4.7  0.210036
24  4.9  0.166118
24  5.1  0.132112
24  5.3  0.105635
24  5.5  0.0848782
24  5.7  0.0685255
24  5.9  0.0555923
24  6.1  0.0452919
24  6.3  0.0370464
24  6.5  0.0304201
24  6.7  0.0250748
24  6.9  0.0207418
24  7.1  0.017232
24  7.3  0.0143515
24  7.5  0.0119898
24  7.7  0.0100451
24  7.9  0.00842793
24  8.1  0.00709936
24  8.3  0.00599583
24  8.5  0.00508291
24  8.7  0.00431278
24  8.9  0.00366967
24  9.1  0.00312881
24  9.3  0.00267348
24  9.5  0.00228928
24  9.7  0.00196144
24  9.9  0.0016876
24  10.1  0.00145091
24  10.3  0.00125321
24  10.5  0.00108096
24  10.7  0.000937044
24  10.9  0.000812507
24  11.1  0.000705525
24  11.3  0.000613535
24  11.5  0.000534291
24  11.7  0.000465183
24  11.9  0.000406905
26  0.1  464.591
26  0.3  288.02
26  0.5  186.841
26  0.7  122.421
26  0.9  80.8095
26  1.1  53.79
26  1.3  36.1415
26  1.5  24.5224
26  1.7  16.8074
26  1.9  11.6414
26  2.1  8.15001
26  2.3  5.76953
26  2.5  4.12807
26  2.7  2.9848
26  2.9  2.18071
26  3.1  1.60881
26  3.3  1.19854
26  3.5  0.900273
26  3.7  0.682172
26  3.9  0.521166
26  4.1  0.401145
26  4.3  0.310947
26  4.5  0.242696
26  4.7  0.19059
26  4.9  0.150639
26  5.1  0.119735
26  5.3  0.0956595
26  5.5  0.0768284
26  5.7  0.0619905
26  5.9  0.050266
26  6.1  0.0409526
26  6.3  0.0334711
26  6.5  0.0274741
26  6.7  0.0226555
26  6.9  0.0187323
26  7.1  0.0155374
26  7.3  0.0129301
26  7.5  0.0108085
26  7.7  0.0090513
26  7.9  0.00759526
26  8.1  0.0063997
26  8.3  0.00539688
26  8.5  0.00456838
26  8.7  0.00387713
26  8.9  0.00329752
26  9.1  0.00281045
26  9.3  0.00240085
26  9.5  0.00205536
26  9.7  0.00176418
26  9.9  0.00151617
26  10.1  0.0013042
26  10.3  0.00112552
26  10.5  0.000971279
26  10.7  0.000840992
26  10.9  0.000730901
26  11.1  0.000634075
26  11.3  0.000552514
26  11.5  0.000481074
26  11.7  0.000420771
26  11.9  0.000367839
28  0.1  428.121
28  0.3  265.224
28  0.5  171.783
28  0.7  112.335
28  0.9  73.9539
28  1.1  49.0561
28  1.3  32.8323
28  1.5  22.1908
28  1.7  15.1525
28  1.9  10.4582
28  2.1  7.29736
28  2.3  5.1503
28  2.5  3.67489
28  2.7  2.65071
28  2.9  1.93189
28  3.1  1.42273
28  3.3  1.05765
28  3.5  0.79334
28  3.7  0.600224
28  3.9  0.457995
28  4.1  0.352078
28  4.3  0.272625
28  4.5  0.212516
28  4.7  0.166741
28  4.9  0.131663
28  5.1  0.104558
28  5.3  0.0834946
28  5.5  0.0670043
28  5.7  0.0540313
28  5.9  0.0437788
28  6.1  0.0356277
28  6.3  0.0291122
28  6.5  0.0238817
28  6.7  0.0196664
28  6.9  0.0162514
28  7.1  0.013492
28  7.3  0.0112275
28  7.5  0.00937214
28  7.7  0.00784619
28  7.9  0.00657802
28  8.1  0.00553757
28  8.3  0.00467983
28  8.5  0.00395903
28  8.7  0.00335741
28  8.9  0.00285514
28  9.1  0.00243282
28  9.3  0.00207789
28  9.5  0.00177803
28  9.7  0.00152277
28  9.9  0.00130806
28  10.1  0.0011251
28  10.3  0.000971354
28  10.5  0.000838863
28  10.7  0.000725689
28  10.9  0.000628898
28  11.1  0.000545874
28  11.3  0.000474495
28  11.5  0.000413033
28  11.7  0.000360105
28  11.9  0.000314299
30  0.1  381.239
30  0.3  235.837
30  0.5  152.49
30  0.7  99.4564
30  0.9  65.242
30  1.1  43.0658
30  1.3  28.6936
30  1.5  19.2969
30  1.7  13.109
30  1.9  8.9981
30  2.1  6.25243
30  2.3  4.39716
30  2.5  3.12947
30  2.7  2.25149
30  2.9  1.63946
30  3.1  1.20557
30  3.3  0.896083
30  3.5  0.672057
30  3.7  0.508784
30  3.9  0.385849
30  4.1  0.29482
30  4.3  0.227006
30  4.5  0.176594
30  4.7  0.138376
30  4.9  0.109164
30  5.1  0.0866011
30  5.3  0.0690329
30  5.5  0.0554046
30  5.7  0.0445967
30  5.9  0.0361079
30  6.1  0.0293632
30  6.3  0.0239714
30  6.5  0.0196489
30  6.7  0.0161743
30  6.9  0.0133679
30  7.1  0.0110765
30  7.3  0.00921157
30  7.5  0.00768457
30  7.7  0.00643058
30  7.9  0.00538754
30  8.1  0.00453276
30  8.3  0.00382854
30  8.5  0.00323737
30  8.7  0.00274401
30  8.9  0.0023322
30  9.1  0.00198646
30  9.3  0.00169573
30  9.5  0.00145045
30  9.7  0.00124302
30  9.9  0.00106734
30  10.1  0.000916795
30  10.3  0.00078994
30  10.5  0.000682982
30  10.7  0.0005906
30  10.9  0.000511683
30  11.1  0.000443935
30  11.3  0.000385751
30  11.5  0.000335725
30  11.7  0.000292103
30  11.9  0.000255278
32  0.1  323.501
32  0.3  199.78
32  0.5  128.861
32  0.7  83.6868
32  0.9  54.5753
32  1.1  35.8131
32  1.3  23.6817
32  1.5  15.8028
32  1.7  10.6669
32  1.9  7.27842
32  2.1  5.03223
32  2.3  3.51713
32  2.5  2.48946
32  2.7  1.78277
32  2.9  1.29056
32  3.1  0.944713
32  3.3  0.698254
32  3.5  0.521131
32  3.7  0.392485
32  3.9  0.298223
32  4.1  0.228409
32  4.3  0.17622
32  4.5  0.136973
32  4.7  0.10712
32  4.9  0.0843571
32  5.1  0.0668111
32  5.3  0.0532086
32  5.5  0.0425984
32  5.7  0.0342697
32  5.9  0.0277066
32  6.1  0.0225051
32  6.3  0.0183562
32  6.5  0.0150321
32  6.7  0.0123563
32  6.9  0.0101929
32  7.1  0.00844868
32  7.3  0.0070205
32  7.5  0.00585104
32  7.7  0.00489166
32  7.9  0.00410185
32  8.1  0.00344431
32  8.3  0.00290668
32  8.5  0.00245631
32  8.7  0.00208049
32  8.9  0.00176703
32  9.1  0.0015043
32  9.3  0.00128322
32  9.5  0.00109689
32  9.7  0.000939583
32  9.9  0.000806352
32  10.1  0.000693322
32  10.3  0.000596184
32  10.5  0.000515081
32  10.7  0.000445274
32  10.9  0.000385479
32  11.1  0.000334352
32  11.3  0.000290423
32  11.5  0.000252604
32  11.7  0.000220072
32  11.9  0.000191926
