# fragmentation : Kniehl & Kramer (N=0.694, eps=0.101)
# channel       : An0n
#   dipole file dir       : data/Pb/mve/glauber_mve_<b>
#   pD0 loop             : 0.1 to 12.0 GeV, step 0.2
#   fixed rapidity y      : 2.5
# ============================================================
# b  pD0  dsigma_dy
0  0.1  376.944
0  0.3  229.566
0  0.5  146.067
0  0.7  93.8242
0  0.9  60.7618
0  1.1  39.7339
0  1.3  26.2561
0  1.5  17.537
0  1.7  11.8348
0  1.9  8.07175
0  2.1  5.56475
0  2.3  3.87409
0  2.5  2.72456
0  2.7  1.93525
0  2.9  1.3879
0  3.1  1.00433
0  3.3  0.733295
0  3.5  0.540028
0  3.7  0.400798
0  3.9  0.299773
0  4.1  0.225804
0  4.3  0.171279
0  4.5  0.13075
0  4.7  0.100445
0  4.9  0.0776177
0  5.1  0.0602936
0  5.3  0.0470926
0  5.5  0.0369632
0  5.7  0.0291554
0  5.9  0.0230848
0  6.1  0.0183657
0  6.3  0.0146703
0  6.5  0.0117645
0  6.7  0.00947037
0  6.9  0.00765029
0  7.1  0.00620085
0  7.3  0.00504193
0  7.5  0.00411139
0  7.7  0.0033631
0  7.9  0.00275858
0  8.1  0.00226955
0  8.3  0.00187324
0  8.5  0.00154909
0  8.7  0.00128392
0  8.9  0.00106664
0  9.1  0.000888012
0  9.3  0.000740944
0  9.5  0.000619469
0  9.7  0.000518926
0  9.9  0.000435625
0  10.1  0.000366392
0  10.3  0.00030861
0  10.5  0.000260489
0  10.7  0.000220238
0  10.9  0.000186477
0  11.1  0.000158135
0  11.3  0.000134302
0  11.5  0.000114231
0  11.7  9.72914e-05
0  11.9  8.29859e-05
2  0.1  376.658
2  0.3  229.39
2  0.5  145.953
2  0.7  93.7489
2  0.9  60.7113
2  1.1  39.6997
2  1.3  26.2324
2  1.5  17.5203
2  1.7  11.8231
2  1.9  8.06339
2  2.1  5.55875
2  2.3  3.86977
2  2.5  2.72142
2  2.7  1.93297
2  2.9  1.38622
2  3.1  1.00308
2  3.3  0.732364
2  3.5  0.539334
2  3.7  0.400274
2  3.9  0.299376
2  4.1  0.225501
2  4.3  0.171047
2  4.5  0.130571
2  4.7  0.100306
2  4.9  0.0775094
2  5.1  0.0602087
2  5.3  0.0470259
2  5.5  0.0369105
2  5.7  0.0291135
2  5.9  0.0230514
2  6.1  0.018339
2  6.3  0.0146487
2  6.5  0.0117471
2  6.7  0.00945626
2  6.9  0.0076388
2  7.1  0.00619151
2  7.3  0.0050343
2  7.5  0.00410516
2  7.7  0.00335798
2  7.9  0.00275436
2  8.1  0.00226606
2  8.3  0.00187035
2  8.5  0.0015467
2  8.7  0.00128193
2  8.9  0.00106499
2  9.1  0.000886632
2  9.3  0.000739804
2  9.5  0.00061851
2  9.7  0.000518117
2  9.9  0.000434946
2  10.1  0.000365822
2  10.3  0.000308132
2  10.5  0.000260083
2  10.7  0.000219898
2  10.9  0.000186188
2  11.1  0.00015789
2  11.3  0.00013409
2  11.5  0.000114049
2  11.7  9.71375e-05
2  11.9  8.28554e-05
4  0.1  375.786
4  0.3  228.851
4  0.5  145.604
4  0.7  93.5191
4  0.9  60.5568
4  1.1  39.595
4  1.3  26.1602
4  1.5  17.4697
4  1.7  11.7876
4  1.9  8.03822
4  2.1  5.5407
4  2.3  3.85631
4  2.5  2.71219
4  2.7  1.92611
4  2.9  1.38104
4  3.1  0.999428
4  3.3  0.729599
4  3.5  0.537257
4  3.7  0.398694
4  3.9  0.298178
4  4.1  0.224588
4  4.3  0.170336
4  4.5  0.130035
4  4.7  0.0999039
4  4.9  0.0771919
4  5.1  0.059963
4  5.3  0.0468294
4  5.5  0.0367517
4  5.7  0.0289869
4  5.9  0.0229508
4  6.1  0.0182585
4  6.3  0.014584
4  6.5  0.0116955
4  6.7  0.00942088
4  6.9  0.00760967
4  7.1  0.00616748
4  7.3  0.00501478
4  7.5  0.00408956
4  7.7  0.00334323
4  7.9  0.00274308
4  8.1  0.00225654
4  8.3  0.00186286
4  8.5  0.00153959
4  8.7  0.00127723
4  8.9  0.00106056
4  9.1  0.000883165
4  9.3  0.000736895
4  9.5  0.000616294
4  9.7  0.000516484
4  9.9  0.000434009
4  10.1  0.000365156
4  10.3  0.000308074
4  10.5  0.000260079
4  10.7  0.000219971
4  10.9  0.000186318
4  11.1  0.000158164
4  11.3  0.000134509
4  11.5  0.000114505
4  11.7  9.76509e-05
4  11.9  8.33941e-05
6  0.1  374.334
6  0.3  227.955
6  0.5  145.023
6  0.7  93.1366
6  0.9  60.3011
6  1.1  39.4207
6  1.3  26.0395
6  1.5  17.3854
6  1.7  11.728
6  1.9  7.99563
6  2.1  5.51026
6  2.3  3.83482
6  2.5  2.69627
6  2.7  1.91446
6  2.9  1.37263
6  3.1  0.993022
6  3.3  0.724887
6  3.5  0.533728
6  3.7  0.396047
6  3.9  0.296174
6  4.1  0.22306
6  4.3  0.169173
6  4.5  0.129129
6  4.7  0.0991883
6  4.9  0.0766384
6  5.1  0.0595278
6  5.3  0.04649
6  5.5  0.036486
6  5.7  0.0287763
6  5.9  0.0227831
6  6.1  0.0181242
6  6.3  0.0144762
6  6.5  0.0116081
6  6.7  0.0093439
6  6.9  0.00754776
6  7.1  0.0061174
6  7.3  0.00497374
6  7.5  0.00405565
6  7.7  0.00331727
6  7.9  0.00272085
6  8.1  0.00223838
6  8.3  0.0018474
6  8.5  0.0015276
6  8.7  0.0012661
6  8.9  0.00105183
6  9.1  0.000875716
6  9.3  0.000730607
6  9.5  0.000610822
6  9.7  0.00051164
6  9.9  0.000429184
6  10.1  0.000361209
6  10.3  0.000304313
6  10.5  0.000256818
6  10.7  0.000217116
6  10.9  0.000183846
6  11.1  0.000155893
6  11.3  0.000132405
6  11.5  0.000112616
6  11.7  9.59169e-05
6  11.9  8.18169e-05
8  0.1  372.242
8  0.3  226.663
8  0.5  144.187
8  0.7  92.5857
8  0.9  59.9322
8  1.1  39.1696
8  1.3  25.8658
8  1.5  17.264
8  1.7  11.6423
8  1.9  7.93479
8  2.1  5.46608
8  2.3  3.80347
8  2.5  2.67351
8  2.7  1.89788
8  2.9  1.36046
8  3.1  0.98401
8  3.3  0.718198
8  3.5  0.528728
8  3.7  0.392281
8  3.9  0.293316
8  4.1  0.22088
8  4.3  0.167501
8  4.5  0.12784
8  4.7  0.0981871
8  4.9  0.0758578
8  5.1  0.0589145
8  5.3  0.046009
8  5.5  0.0361069
8  5.7  0.0284755
8  5.9  0.0225434
8  6.1  0.0179325
8  6.3  0.0143222
8  6.5  0.011484
8  6.7  0.00924357
8  6.9  0.00746635
8  7.1  0.00605116
8  7.3  0.00491971
8  7.5  0.00401138
8  7.7  0.00328105
8  7.9  0.00269102
8  8.1  0.00221376
8  8.3  0.00182705
8  8.5  0.00151076
8  8.7  0.00125206
8  8.9  0.0010401
8  9.1  0.000865849
8  9.3  0.000722402
8  9.5  0.000603927
8  9.7  0.00050587
8  9.9  0.000424644
8  10.1  0.000357122
8  10.3  0.000300831
8  10.5  0.000253834
8  10.7  0.000214641
8  10.9  0.00018173
8  11.1  0.000154106
8  11.3  0.000130876
8  11.5  0.00011131
8  11.7  9.48028e-05
8  11.9  8.0858e-05
10  0.1  369.457
10  0.3  224.945
10  0.5  143.076
10  0.7  91.853
10  0.9  59.4409
10  1.1  38.8354
10  1.3  25.6352
10  1.5  17.1028
10  1.7  11.5289
10  1.9  7.85425
10  2.1  5.4084
10  2.3  3.76203
10  2.5  2.64379
10  2.7  1.87603
10  2.9  1.34428
10  3.1  0.972246
10  3.3  0.709412
10  3.5  0.522139
10  3.7  0.387302
10  3.9  0.289539
10  4.1  0.217993
10  4.3  0.165284
10  4.5  0.126153
10  4.7  0.096885
10  4.9  0.07484
10  5.1  0.0581214
10  5.3  0.0453804
10  5.5  0.0356081
10  5.7  0.0280642
10  5.9  0.0222276
10  6.1  0.0176798
10  6.3  0.0141195
10  6.5  0.0113288
10  6.7  0.00911759
10  6.9  0.00736496
10  7.1  0.00596844
10  7.3  0.00485244
10  7.5  0.00395462
10  7.7  0.00323521
10  7.9  0.00265359
10  8.1  0.00218505
10  8.3  0.00180096
10  8.5  0.00149033
10  8.7  0.00123607
10  8.9  0.00102616
10  9.1  0.000854888
10  9.3  0.000713231
10  9.5  0.000596498
10  9.7  0.000500106
10  9.9  0.000420188
10  10.1  0.000353906
10  10.3  0.000298328
10  10.5  0.00025174
10  10.7  0.000213137
10  10.9  0.000180653
10  11.1  0.00015334
10  11.3  0.00013043
10  11.5  0.000110997
10  11.7  9.47777e-05
10  11.9  8.08924e-05
12  0.1  365.935
12  0.3  222.77
12  0.5  141.672
12  0.7  90.935
12  0.9  58.8206
12  1.1  38.413
12  1.3  25.3434
12  1.5  16.8993
12  1.7  11.3853
12  1.9  7.75216
12  2.1  5.33546
12  2.3  3.70954
12  2.5  2.6055
12  2.7  1.84837
12  2.9  1.32412
12  3.1  0.957135
12  3.3  0.698236
12  3.5  0.51379
12  3.7  0.381034
12  3.9  0.284787
12  4.1  0.214381
12  4.3  0.162512
12  4.5  0.124002
12  4.7  0.0952106
12  4.9  0.0735395
12  5.1  0.0571018
12  5.3  0.0445825
12  5.5  0.0349797
12  5.7  0.0275808
12  5.9  0.0218309
12  6.1  0.0173626
12  6.3  0.0138647
12  6.5  0.0111155
12  6.7  0.00894559
12  6.9  0.0072246
12  7.1  0.00585453
12  7.3  0.00475924
12  7.5  0.00388006
12  7.7  0.0031733
12  7.9  0.00260425
12  8.1  0.00214059
12  8.3  0.00176647
12  8.5  0.00146057
12  8.7  0.00121035
12  8.9  0.00100535
12  9.1  0.00083684
12  9.3  0.000698143
12  9.5  0.000583591
12  9.7  0.000488797
12  9.9  0.000410271
12  10.1  0.000345017
12  10.3  0.000290643
12  10.5  0.000245205
12  10.7  0.000207311
12  10.9  0.000175517
12  11.1  0.000148829
12  11.3  0.000126383
12  11.5  0.000107483
12  11.7  9.15412e-05
12  11.9  7.80712e-05
14  0.1  361.523
14  0.3  220.05
14  0.5  139.915
14  0.7  89.7816
14  0.9  58.0474
14  1.1  37.8873
14  1.3  24.9807
14  1.5  16.6463
14  1.7  11.2072
14  1.9  7.6255
14  2.1  5.24512
14  2.3  3.64462
14  2.5  2.55854
14  2.7  1.81419
14  2.9  1.29903
14  3.1  0.938605
14  3.3  0.684491
14  3.5  0.50351
14  3.7  0.3733
14  3.9  0.278928
14  4.1  0.20992
14  4.3  0.159094
14  4.5  0.121371
14  4.7  0.093169
14  4.9  0.0719493
14  5.1  0.0558581
14  5.3  0.043604
14  5.5  0.0342069
14  5.7  0.0269678
14  5.9  0.0213429
14  6.1  0.0169723
14  6.3  0.0135514
14  6.5  0.0108631
14  6.7  0.00874159
14  6.9  0.00705916
14  7.1  0.00571997
14  7.3  0.00464952
14  7.5  0.00379027
14  7.7  0.0030996
14  7.9  0.0025436
14  8.1  0.0020905
14  8.3  0.00172504
14  8.5  0.00142619
14  8.7  0.00118178
14  8.9  0.000981559
14  9.1  0.00081699
14  9.3  0.000681547
14  9.5  0.000569688
14  9.7  0.000477125
14  9.9  0.000400457
14  10.1  0.000336754
14  10.3  0.000283672
14  10.5  0.000239324
14  10.7  0.000202326
14  10.9  0.000171282
14  11.1  0.000145233
14  11.3  0.000123329
14  11.5  0.000104878
14  11.7  8.93064e-05
14  11.9  7.61697e-05
16  0.1  356.094
16  0.3  216.696
16  0.5  137.754
16  0.7  88.3589
16  0.9  57.1037
16  1.1  37.2392
16  1.3  24.5357
16  1.5  16.3352
16  1.7  10.9887
16  1.9  7.47068
16  2.1  5.1345
16  2.3  3.56533
16  2.5  2.50123
16  2.7  1.77253
16  2.9  1.26846
16  3.1  0.916056
16  3.3  0.667761
16  3.5  0.491005
16  3.7  0.363893
16  3.9  0.271805
16  4.1  0.204496
16  4.3  0.154941
16  4.5  0.118175
16  4.7  0.0906937
16  4.9  0.0700234
16  5.1  0.0543516
16  5.3  0.0424211
16  5.5  0.0332727
16  5.7  0.0262265
16  5.9  0.0207527
16  6.1  0.0165003
16  6.3  0.0131727
16  6.5  0.0105581
16  6.7  0.00849505
16  6.9  0.00685926
16  7.1  0.00555728
16  7.3  0.0045167
16  7.5  0.00368167
16  7.7  0.00301046
16  7.9  0.00247022
16  8.1  0.00203135
16  8.3  0.00167503
16  8.5  0.00138472
16  8.7  0.0011473
16  8.9  0.000952861
16  9.1  0.000793041
16  9.3  0.000661505
16  9.5  0.000552887
16  9.7  0.000463018
16  9.9  0.000388586
16  10.1  0.000326752
16  10.3  0.000275224
16  10.5  0.000232179
16  10.7  0.000196267
16  10.9  0.00016615
16  11.1  0.000140868
16  11.3  0.000119616
16  11.5  0.000101717
16  11.7  8.66111e-05
16  11.9  7.38662e-05
18  0.1  349.429
18  0.3  212.592
18  0.5  135.094
18  0.7  86.6105
18  0.9  55.9363
18  1.1  36.446
18  1.3  23.9907
18  1.5  15.9548
18  1.7  10.7219
18  1.9  7.28186
18  2.1  4.99989
18  2.3  3.46895
18  2.5  2.43164
18  2.7  1.72196
18  2.9  1.23144
18  3.1  0.888738
18  3.3  0.647522
18  3.5  0.475889
18  3.7  0.352532
18  3.9  0.263203
18  4.1  0.197947
18  4.3  0.149927
18  4.5  0.11432
18  4.7  0.0877071
18  4.9  0.0676987
18  5.1  0.052533
18  5.3  0.0409918
18  5.5  0.0321448
18  5.7  0.0253177
18  5.9  0.0200407
18  6.1  0.0159312
18  6.3  0.012716
18  6.5  0.0101904
18  6.7  0.00819794
18  6.9  0.00661826
18  7.1  0.00536139
18  7.3  0.00435686
18  7.5  0.00355098
18  7.7  0.00290519
18  7.9  0.00238201
18  8.1  0.00195857
18  8.3  0.00161481
18  8.5  0.00133479
18  8.7  0.00110585
18  8.9  0.000918329
18  9.1  0.000764217
18  9.3  0.000637404
18  9.5  0.000532702
18  9.7  0.000446069
18  9.9  0.000374333
18  10.1  0.000314745
18  10.3  0.000265088
18  10.5  0.00022362
18  10.7  0.00018901
18  10.9  0.000159998
18  11.1  0.000135639
18  11.3  0.000115166
18  11.5  9.79207e-05
18  11.7  8.33758e-05
18  11.9  7.11005e-05
20  0.1  341.17
20  0.3  207.504
20  0.5  131.811
20  0.7  84.4536
20  0.9  54.4933
20  1.1  35.4812
20  1.3  23.319
20  1.5  15.4878
20  1.7  10.3947
20  1.9  7.05071
20  2.1  4.83558
20  2.3  3.35138
20  2.5  2.34681
20  2.7  1.66045
20  2.9  1.18645
20  3.1  0.855594
20  3.3  0.622967
20  3.5  0.457564
20  3.7  0.338765
20  3.9  0.252793
20  4.1  0.190029
20  4.3  0.143871
20  4.5  0.10966
20  4.7  0.0841021
20  4.9  0.0648916
20  5.1  0.0503379
20  5.3  0.0392678
20  5.5  0.0307847
20  5.7  0.0242404
20  5.9  0.019183
20  6.1  0.0152458
20  6.3  0.0121664
20  6.5  0.00974755
20  6.7  0.00784018
20  6.9  0.00632837
20  7.1  0.0051284
20  7.3  0.00416459
20  7.5  0.00339363
20  7.7  0.00277607
20  7.9  0.00227575
20  8.1  0.00187097
20  8.3  0.00154242
20  8.5  0.00127477
20  8.7  0.001056
20  8.9  0.000876859
20  9.1  0.000729566
20  9.3  0.000608427
20  9.5  0.000508445
20  9.7  0.000425713
20  9.9  0.000357214
20  10.1  0.000300302
20  10.3  0.000252916
20  10.5  0.000213343
20  10.7  0.000180292
20  10.9  0.000152601
20  11.1  0.000129356
20  11.3  0.000109823
20  11.5  9.33741e-05
20  11.7  7.94972e-05
20  11.9  6.77856e-05
22  0.1  330.827
22  0.3  201.142
22  0.5  127.699
22  0.7  81.7567
22  0.9  52.6871
22  1.1  34.262
22  1.3  22.483
22  1.5  14.9083
22  1.7  9.98957
22  1.9  6.76518
22  2.1  4.63312
22  2.3  3.20667
22  2.5  2.24249
22  2.7  1.58464
22  2.9  1.1313
22  3.1  0.81511
22  3.3  0.592965
22  3.5  0.435194
22  3.7  0.321977
22  3.9  0.240114
22  4.1  0.18039
22  4.3  0.136501
22  4.5  0.103993
22  4.7  0.0797195
22  4.9  0.0614819
22  5.1  0.0476737
22  5.3  0.0371751
22  5.5  0.0291352
22  5.7  0.0229337
22  5.9  0.0181432
22  6.1  0.0144151
22  6.3  0.0114999
22  6.5  0.00921139
22  6.7  0.007407
22  6.9  0.00597737
22  7.1  0.00484303
22  7.3  0.00393184
22  7.5  0.00320326
22  7.7  0.00262064
22  7.9  0.00214737
22  8.1  0.00176513
22  8.3  0.00145492
22  8.5  0.00120223
22  8.7  0.000995686
22  8.9  0.00082663
22  9.1  0.000687727
22  9.3  0.000573452
22  9.5  0.00047912
22  9.7  0.000401107
22  9.9  0.000336524
22  10.1  0.00028288
22  10.3  0.0002382
22  10.5  0.000200931
22  10.7  0.00016978
22  10.9  0.000143682
22  11.1  0.000121777
22  11.3  0.00010337
22  11.5  8.78859e-05
22  11.7  7.4823e-05
22  11.9  6.37843e-05
24  0.1  317.671
24  0.3  193.025
24  0.5  122.476
24  0.7  78.3344
24  0.9  50.4067
24  1.1  32.7204
24  1.3  21.4284
24  1.5  14.179
24  1.7  9.48129
24  1.9  6.4078
24  2.1  4.38034
24  2.3  3.02644
24  2.5  2.11299
24  2.7  1.49109
24  2.9  1.06302
24  3.1  0.765102
24  3.3  0.555958
24  3.5  0.407615
24  3.7  0.301312
24  3.9  0.22452
24  4.1  0.168479
24  4.3  0.12745
24  4.5  0.0970368
24  4.7  0.0743438
24  4.9  0.0573008
24  5.1  0.0444094
24  5.3  0.0345947
24  5.5  0.0271047
24  5.7  0.021337
24  5.9  0.016873
24  6.1  0.013401
24  6.3  0.0106872
24  6.5  0.00855692
24  6.7  0.00687856
24  6.9  0.00554983
24  7.1  0.00449549
24  7.3  0.00364868
24  7.5  0.00297144
24  7.7  0.00242941
24  7.9  0.0019911
24  8.1  0.00163629
24  8.3  0.00134922
24  8.5  0.00111397
24  8.7  0.000922379
24  8.9  0.000765638
24  9.1  0.000636863
24  9.3  0.000530959
24  9.5  0.000443518
24  9.7  0.000371244
24  9.9  0.000311412
24  10.1  0.000261728
24  10.3  0.000220354
24  10.5  0.000185817
24  10.7  0.000157001
24  10.9  0.000132852
24  11.1  0.000112584
24  11.3  9.55619e-05
24  11.5  8.12276e-05
24  11.7  6.90585e-05
24  11.9  5.89386e-05
26  0.1  300.592
26  0.3  182.588
26  0.5  115.717
26  0.7  73.8684
26  0.9  47.4622
26  1.1  30.7343
26  1.3  20.0787
26  1.5  13.2472
26  1.7  8.83449
26  1.9  5.95437
26  2.1  4.06147
26  2.3  2.79913
26  2.5  1.95025
26  2.7  1.37367
26  2.9  0.977633
26  3.1  0.702497
26  3.3  0.509766
26  3.5  0.373263
26  3.7  0.27563
26  3.9  0.205154
26  4.1  0.153792
26  4.3  0.116236
26  4.5  0.0884264
26  4.7  0.0676914
26  4.9  0.0521073
26  5.1  0.0403806
26  5.3  0.0314359
26  5.5  0.0246154
26  5.7  0.019367
26  5.9  0.0153068
26  6.1  0.0121506
26  6.3  0.00968509
26  6.5  0.00775189
26  6.7  0.0062291
26  6.9  0.00502331
26  7.1  0.00406735
26  7.3  0.00330033
26  7.5  0.00268705
26  7.7  0.00219663
26  7.9  0.0017992
26  8.1  0.00147808
26  8.3  0.00121763
26  8.5  0.00100566
26  8.7  0.000832453
26  8.9  0.000690754
26  9.1  0.000574513
26  9.3  0.00047887
26  9.5  0.000399936
26  9.7  0.000334616
26  9.9  0.00028064
26  10.1  0.000235595
26  10.3  0.000198281
26  10.5  0.000167178
26  10.7  0.000141387
26  10.9  0.000119621
26  11.1  0.000101351
26  11.3  8.59321e-05
26  11.5  7.3091e-05
26  11.7  6.21976e-05
26  11.9  5.29427e-05
28  0.1  278.155
28  0.3  168.83
28  0.5  106.865
28  0.7  68.0846
28  0.9  43.6297
28  1.1  28.1552
28  1.3  18.3293
28  1.5  12.0479
28  1.7  8.00491
28  1.9  5.37832
28  2.1  3.65448
28  2.3  2.51156
28  2.5  1.74494
28  2.7  1.22604
28  2.9  0.870604
28  3.1  0.624356
28  3.3  0.452227
28  3.5  0.330569
28  3.7  0.243708
28  3.9  0.181144
28  4.1  0.135684
28  4.3  0.102392
28  4.5  0.0778138
28  4.7  0.0595
28  4.9  0.0457831
28  5.1  0.0354273
28  5.3  0.0275557
28  5.5  0.0215611
28  5.7  0.016951
28  5.9  0.0133964
28  6.1  0.0106207
28  6.3  0.00846607
28  6.5  0.00676742
28  6.7  0.00543499
28  6.9  0.00438057
28  7.1  0.00354542
28  7.3  0.00287728
28  7.5  0.00233981
28  7.7  0.00191175
28  7.9  0.00156513
28  8.1  0.00128539
28  8.3  0.00105857
28  8.5  0.000873885
28  8.7  0.000723218
28  8.9  0.000599924
28  9.1  0.000498714
28  9.3  0.000415514
28  9.5  0.000346892
28  9.7  0.000290185
28  9.9  0.000243284
28  10.1  0.000204364
28  10.3  0.00017197
28  10.5  0.000144958
28  10.7  0.000122405
28  10.9  0.000103522
28  11.1  8.76958e-05
28  11.3  7.43994e-05
28  11.5  6.32097e-05
28  11.7  5.3708e-05
28  11.9  4.58309e-05
30  0.1  249.017
30  0.3  150.96
30  0.5  95.4126
30  0.7  60.6263
30  0.9  38.699
30  1.1  24.8539
30  1.3  16.0959
30  1.5  10.5308
30  1.7  6.96202
30  1.9  4.65516
30  2.1  3.15118
30  2.3  2.15705
30  2.5  1.49314
30  2.7  1.04677
30  2.9  0.741241
30  3.1  0.530567
30  3.3  0.383542
30  3.5  0.279571
30  3.7  0.205554
30  3.9  0.152482
30  4.1  0.1141
30  4.3  0.0859985
30  4.5  0.0653327
30  4.7  0.0499891
30  4.9  0.0384646
30  5.1  0.0297803
30  5.3  0.0232104
30  5.5  0.0181782
30  5.7  0.0143282
30  5.9  0.0113512
30  6.1  0.00902709
30  6.3  0.0072172
30  6.5  0.00576254
30  6.7  0.00459068
30  6.9  0.00367537
30  7.1  0.00295471
30  7.3  0.0023794
30  7.5  0.00193141
30  7.7  0.00157506
30  7.9  0.00128897
30  8.1  0.00105857
30  8.3  0.000870279
30  8.5  0.000717866
30  8.7  0.000594279
30  8.9  0.000492732
30  9.1  0.000409581
30  9.3  0.000341124
30  9.5  0.000284531
30  9.7  0.000237646
30  9.9  0.00019935
30  10.1  0.000167419
30  10.3  0.000140834
30  10.5  0.000118683
30  10.7  0.000100158
30  10.9  8.45802e-05
30  11.1  7.17086e-05
30  11.3  6.08171e-05
30  11.5  5.16534e-05
30  11.7  4.38796e-05
30  11.9  3.74215e-05
32  0.1  213.744
32  0.3  129.436
32  0.5  81.6327
32  0.7  51.697
32  0.9  32.8638
32  1.1  20.9997
32  1.3  13.5247
32  1.5  8.76006
32  1.7  5.73428
32  1.9  3.80614
32  2.1  2.55924
32  2.3  1.74333
32  2.5  1.20142
32  2.7  0.837919
32  2.9  0.590793
32  3.1  0.421103
32  3.3  0.303284
32  3.5  0.220514
32  3.7  0.161776
32  3.9  0.119868
32  4.1  0.0894618
32  4.3  0.0671998
32  4.5  0.050859
32  4.7  0.0387729
32  4.9  0.0297455
32  5.1  0.0229516
32  5.3  0.0178151
32  5.5  0.0139051
32  5.7  0.0109064
32  5.9  0.00859478
32  6.1  0.00680396
32  6.3  0.00540939
32  6.5  0.00431888
32  6.7  0.00346234
32  6.9  0.00278794
32  7.1  0.00225102
32  7.3  0.00182362
32  7.5  0.00148099
32  7.7  0.00120725
32  7.9  0.000987897
32  8.1  0.000810205
32  8.3  0.000666374
32  8.5  0.000549415
32  8.7  0.000454128
32  8.9  0.000376261
32  9.1  0.000312446
32  9.3  0.000260002
32  9.5  0.000216819
32  9.7  0.000181039
32  9.9  0.00015177
32  10.1  0.000127364
32  10.3  0.000107072
32  10.5  9.01754e-05
32  10.7  7.60787e-05
32  10.9  6.42787e-05
32  11.1  5.44065e-05
32  11.3  4.61203e-05
32  11.5  3.91166e-05
32  11.7  3.3288e-05
32  11.9  2.83424e-05
