# fragmentation : BCFY (r=0.1)
# channel       : An0n
#   dipole file dir       : data/Pb/mve/glauber_mve_<b>
#   pD0 loop             : 0.1 to 12.0 GeV, step 0.2
#   fixed rapidity y      : 1.0
# ============================================================
# b  pD0  dsigma_dy
0  0.1  992.384
0  0.3  775.049
0  0.5  603.58
0  0.7  462.955
0  0.9  351.835
0  1.1  266.285
0  1.3  201.446
0  1.5  152.53
0  1.7  115.623
0  1.9  87.8989
0  2.1  67.0776
0  2.3  51.4002
0  2.5  39.5944
0  2.7  30.6627
0  2.9  23.8704
0  3.1  18.7216
0  3.3  14.7604
0  3.5  11.7232
0  3.7  9.35865
0  3.9  7.52493
0  4.1  6.08088
0  4.3  4.94657
0  4.5  4.04405
0  4.7  3.32275
0  4.9  2.74582
0  5.1  2.27902
0  5.3  1.90055
0  5.5  1.59204
0  5.7  1.33895
0  5.9  1.13069
0  6.1  0.958955
0  6.3  0.815868
0  6.5  0.696764
0  6.7  0.597157
0  6.9  0.513268
0  7.1  0.442504
0  7.3  0.382713
0  7.5  0.332142
0  7.7  0.288891
0  7.9  0.251892
0  8.1  0.220169
0  8.3  0.192903
0  8.5  0.169262
0  8.7  0.148959
0  8.9  0.131409
0  9.1  0.11617
0  9.3  0.102893
0  9.5  0.0913599
0  9.7  0.0811694
0  9.9  0.0722802
0  10.1  0.064473
0  10.3  0.0576358
0  10.5  0.0515376
0  10.7  0.0461895
0  10.9  0.0414693
0  11.1  0.0372856
0  11.3  0.0335666
0  11.5  0.0302575
0  11.7  0.0273155
0  11.9  0.0246898
2  0.1  991.506
2  0.3  774.355
2  0.5  603.036
2  0.7  462.531
2  0.9  351.506
2  1.1  266.027
2  1.3  201.243
2  1.5  152.369
2  1.7  115.496
2  1.9  87.7978
2  2.1  66.997
2  2.3  51.3363
2  2.5  39.5435
2  2.7  30.6225
2  2.9  23.838
2  3.1  18.6957
2  3.3  14.7396
2  3.5  11.7064
2  3.7  9.34511
2  3.9  7.5139
2  4.1  6.07186
2  4.3  4.93912
2  4.5  4.03791
2  4.7  3.31768
2  4.9  2.74161
2  5.1  2.27551
2  5.3  1.8976
2  5.5  1.58953
2  5.7  1.33685
2  5.9  1.1289
2  6.1  0.957403
2  6.3  0.814564
2  6.5  0.695625
2  6.7  0.596185
2  6.9  0.512423
2  7.1  0.441774
2  7.3  0.382078
2  7.5  0.331599
2  7.7  0.288417
2  7.9  0.251477
2  8.1  0.219805
2  8.3  0.192584
2  8.5  0.168985
2  8.7  0.148715
2  8.9  0.131193
2  9.1  0.11598
2  9.3  0.102725
2  9.5  0.0912105
2  9.7  0.0810361
2  9.9  0.0721602
2  10.1  0.0643652
2  10.3  0.0575409
2  10.5  0.0514526
2  10.7  0.0461145
2  10.9  0.0414025
2  11.1  0.0372229
2  11.3  0.0335098
2  11.5  0.0302064
2  11.7  0.0272684
2  11.9  0.0246484
4  0.1  988.799
4  0.3  772.187
4  0.5  601.31
4  0.7  461.253
4  0.9  350.534
4  1.1  265.374
4  1.3  200.66
4  1.5  151.931
4  1.7  115.156
4  1.9  87.5718
4  2.1  66.8078
4  2.3  51.1979
4  2.5  39.4371
4  2.7  30.563
4  2.9  23.7996
4  3.1  18.6798
4  3.3  14.7415
4  3.5  11.7073
4  3.7  9.36609
4  3.9  7.53563
4  4.1  6.10387
4  4.3  4.97326
4  4.5  4.07143
4  4.7  3.34445
4  4.9  2.7562
4  5.1  2.27839
4  5.3  1.89576
4  5.5  1.58233
4  5.7  1.33052
4  5.9  1.1235
4  6.1  0.952833
4  6.3  0.810646
4  6.5  0.692275
4  6.7  0.593308
4  6.9  0.509942
4  7.1  0.439632
4  7.3  0.380219
4  7.5  0.329979
4  7.7  0.287003
4  7.9  0.250245
4  8.1  0.218725
4  8.3  0.191636
4  8.5  0.16815
4  8.7  0.14798
4  8.9  0.13054
4  9.1  0.115401
4  9.3  0.102211
4  9.5  0.0907513
4  9.7  0.0806647
4  9.9  0.0717986
4  10.1  0.0640409
4  10.3  0.0572486
4  10.5  0.0511944
4  10.7  0.0458804
4  10.9  0.0411896
4  11.1  0.0370329
4  11.3  0.0333397
4  11.5  0.0300522
4  11.7  0.0271291
4  11.9  0.0245228
6  0.1  984.382
6  0.3  768.729
6  0.5  598.63
6  0.7  459.101
6  0.9  348.84
6  1.1  263.936
6  1.3  199.6
6  1.5  151.065
6  1.7  114.461
6  1.9  87.0013
6  2.1  66.3455
6  2.3  50.8357
6  2.5  39.1322
6  2.7  30.2942
6  2.9  23.5889
6  3.1  18.4754
6  3.3  14.5713
6  3.5  11.5697
6  3.7  9.23544
6  3.9  7.42497
6  4.1  6.00149
6  4.3  4.88008
6  4.5  3.98679
6  4.7  3.27689
6  4.9  2.70674
6  5.1  2.24682
6  5.3  1.8736
6  5.5  1.56938
6  5.7  1.31983
6  5.9  1.11442
6  6.1  0.945106
6  6.3  0.80403
6  6.5  0.686607
6  6.7  0.588442
6  6.9  0.505748
6  7.1  0.436006
6  7.3  0.377077
6  7.5  0.327245
6  7.7  0.284611
6  7.9  0.248152
6  8.1  0.216888
6  8.3  0.190022
6  8.5  0.166728
6  8.7  0.146728
6  8.9  0.129436
6  9.1  0.114423
6  9.3  0.101341
6  9.5  0.0899234
6  9.7  0.0799784
6  9.9  0.0711806
6  10.1  0.0634903
6  10.3  0.0567572
6  10.5  0.0507528
6  10.7  0.0454825
6  10.9  0.0408322
6  11.1  0.0367095
6  11.3  0.0330487
6  11.5  0.0297903
6  11.7  0.0268919
6  11.9  0.0243076
8  0.1  977.961
8  0.3  763.655
8  0.5  594.682
8  0.7  456.016
8  0.9  346.442
8  1.1  262.061
8  1.3  198.119
8  1.5  149.896
8  1.7  113.534
8  1.9  86.2401
8  2.1  65.7598
8  2.3  50.3542
8  2.5  38.7629
8  2.7  30.0014
8  2.9  23.3425
8  3.1  18.2993
8  3.3  14.4214
8  3.5  11.4446
8  3.7  9.13726
8  3.9  7.3448
8  4.1  5.9336
8  4.3  4.82551
8  4.5  3.94248
8  4.7  3.24025
8  4.9  2.6771
8  5.1  2.22158
8  5.3  1.85236
8  5.5  1.55146
8  5.7  1.30416
8  5.9  1.1016
8  6.1  0.934175
8  6.3  0.794695
8  6.5  0.678614
8  6.7  0.58156
8  6.9  0.499816
8  7.1  0.430868
8  7.3  0.372627
8  7.5  0.323365
8  7.7  0.281228
8  7.9  0.245194
8  8.1  0.2143
8  8.3  0.187747
8  8.5  0.16473
8  8.7  0.144966
8  8.9  0.127877
8  9.1  0.113039
8  9.3  0.100116
8  9.5  0.0888356
8  9.7  0.0790118
8  9.9  0.0703195
8  10.1  0.0627219
8  10.3  0.0560659
8  10.5  0.0501337
8  10.7  0.044928
8  10.9  0.0403335
8  11.1  0.0362613
8  11.3  0.0326435
8  11.5  0.0294237
8  11.7  0.02656
8  11.9  0.0240072
10  0.1  969.384
10  0.3  756.912
10  0.5  589.365
10  0.7  451.926
10  0.9  343.304
10  1.1  259.61
10  1.3  196.227
10  1.5  148.429
10  1.7  112.373
10  1.9  85.3603
10  2.1  65.0648
10  2.3  49.8185
10  2.5  38.3448
10  2.7  29.6848
10  2.9  23.1284
10  3.1  18.1256
10  3.3  14.3008
10  3.5  11.3677
10  3.7  9.08326
10  3.9  7.30944
10  4.1  5.91795
10  4.3  4.82238
10  4.5  3.94889
10  4.7  3.24528
10  4.9  2.66914
10  5.1  2.20725
10  5.3  1.83232
10  5.5  1.5288
10  5.7  1.28472
10  5.9  1.08471
10  6.1  0.919794
10  6.3  0.782409
10  6.5  0.668068
10  6.7  0.572483
10  6.9  0.491981
10  7.1  0.424094
10  7.3  0.366738
10  7.5  0.318248
10  7.7  0.276758
10  7.9  0.241293
10  8.1  0.210887
10  8.3  0.18475
10  8.5  0.162095
10  8.7  0.142643
10  8.9  0.125829
10  9.1  0.111223
10  9.3  0.0985026
10  9.5  0.0874025
10  9.7  0.0777359
10  9.9  0.0691819
10  10.1  0.0616984
10  10.3  0.0551505
10  10.5  0.049314
10  10.7  0.044194
10  10.9  0.0396742
10  11.1  0.0356669
10  11.3  0.0321081
10  11.5  0.0289413
10  11.7  0.026123
10  11.9  0.0236105
12  0.1  958.627
12  0.3  748.434
12  0.5  582.815
12  0.7  446.744
12  0.9  339.235
12  1.1  256.417
12  1.3  193.679
12  1.5  146.389
12  1.7  110.754
12  1.9  84.0376
12  2.1  64.0111
12  2.3  48.9683
12  2.5  37.6628
12  2.7  29.1275
12  2.9  22.6456
12  3.1  17.742
12  3.3  13.9744
12  3.5  11.0845
12  3.7  8.84571
12  3.9  7.10738
12  4.1  5.73985
12  4.3  4.66632
12  4.5  3.81147
12  4.7  3.13186
12  4.9  2.58685
12  5.1  2.14623
12  5.3  1.78916
12  5.5  1.49822
12  5.7  1.25921
12  5.9  1.06345
12  6.1  0.902081
12  6.3  0.766927
12  6.5  0.654802
12  6.7  0.561086
12  6.9  0.48242
12  7.1  0.415596
12  7.3  0.359367
12  7.5  0.311837
12  7.7  0.271156
12  7.9  0.236397
12  8.1  0.206597
12  8.3  0.180985
12  8.5  0.158785
12  8.7  0.139718
12  8.9  0.12324
12  9.1  0.108932
12  9.3  0.0964735
12  9.5  0.0855956
12  9.7  0.076126
12  9.9  0.0677466
12  10.1  0.0604213
12  10.3  0.0539768
12  10.5  0.0482905
12  10.7  0.0432726
12  10.9  0.0388455
12  11.1  0.0349202
12  11.3  0.0314366
12  11.5  0.028334
12  11.7  0.0255749
12  11.9  0.0231143
14  0.1  945.174
14  0.3  737.88
14  0.5  574.492
14  0.7  440.234
14  0.9  334.224
14  1.1  252.497
14  1.3  190.597
14  1.5  143.956
14  1.7  108.834
14  1.9  82.5224
14  2.1  62.8046
14  2.3  48.0128
14  2.5  36.9054
14  2.7  28.5263
14  2.9  22.1669
14  3.1  17.3601
14  3.3  13.6682
14  3.5  10.8375
14  3.7  8.64598
14  3.9  6.94184
14  4.1  5.60736
14  4.3  4.55743
14  4.5  3.72206
14  4.7  3.05776
14  4.9  2.52525
14  5.1  2.09471
14  5.3  1.74598
14  5.5  1.46184
14  5.7  1.22854
14  5.9  1.03741
14  6.1  0.8799
14  6.3  0.747967
14  6.5  0.638553
14  6.7  0.547107
14  6.9  0.470367
14  7.1  0.405184
14  7.3  0.350336
14  7.5  0.303795
14  7.7  0.2643
14  7.9  0.230406
14  8.1  0.201352
14  8.3  0.176232
14  8.5  0.154727
14  8.7  0.136138
14  8.9  0.120076
14  9.1  0.106131
14  9.3  0.093987
14  9.5  0.083385
14  9.7  0.0741581
14  9.9  0.0659909
14  10.1  0.0588522
14  10.3  0.052598
14  10.5  0.0470324
14  10.7  0.0421439
14  10.9  0.0378304
14  11.1  0.0340067
14  11.3  0.0306134
14  11.5  0.027592
14  11.7  0.0249028
14  11.9  0.0225054
16  0.1  928.632
16  0.3  724.888
16  0.5  564.298
16  0.7  432.381
16  0.9  328.071
16  1.1  247.69
16  1.3  186.819
16  1.5  140.976
16  1.7  106.483
16  1.9  80.6602
16  2.1  61.3317
16  2.3  46.8648
16  2.5  35.9836
16  2.7  27.7947
16  2.9  21.5851
16  3.1  16.8958
16  3.3  13.2965
16  3.5  10.5382
16  3.7  8.40424
16  3.9  6.74548
16  4.1  5.44713
16  4.3  4.42584
16  4.5  3.6137
16  4.7  2.96809
16  4.9  2.45079
16  5.1  2.03243
16  5.3  1.69366
16  5.5  1.41773
16  5.7  1.19137
16  5.9  1.00591
16  6.1  0.853058
16  6.3  0.725059
16  6.5  0.618938
16  6.7  0.530258
16  6.9  0.455837
16  7.1  0.392616
16  7.3  0.339441
16  7.5  0.29432
16  7.7  0.256046
16  7.9  0.223182
16  8.1  0.195025
16  8.3  0.170678
16  8.5  0.149844
16  8.7  0.131831
16  8.9  0.116271
16  9.1  0.102757
16  9.3  0.0909937
16  9.5  0.0807191
16  9.7  0.0717803
16  9.9  0.0638751
16  10.1  0.0569645
16  10.3  0.0508842
16  10.5  0.0455182
16  10.7  0.0407856
16  10.9  0.0366099
16  11.1  0.0329078
16  11.3  0.0296245
16  11.5  0.0266981
16  11.7  0.0240952
16  11.9  0.021775
18  0.1  908.338
18  0.3  708.839
18  0.5  551.815
18  0.7  422.605
18  0.9  320.529
18  1.1  241.804
18  1.3  182.2
18  1.5  137.339
18  1.7  103.619
18  1.9  78.3977
18  2.1  59.5433
18  2.3  45.4525
18  2.5  34.8551
18  2.7  26.9104
18  2.9  20.8829
18  3.1  16.336
18  3.3  12.8556
18  3.5  10.1773
18  3.7  8.11273
18  3.9  6.50892
18  4.1  5.25432
18  4.3  4.26656
18  4.5  3.48349
18  4.7  2.86003
18  4.9  2.36105
18  5.1  1.95761
18  5.3  1.63077
18  5.5  1.36499
18  5.7  1.14729
18  5.9  0.968157
18  6.1  0.820871
18  6.3  0.697608
18  6.5  0.595404
18  6.7  0.510011
18  6.9  0.438379
18  7.1  0.377534
18  7.3  0.32636
18  7.5  0.28293
18  7.7  0.246111
18  7.9  0.214497
18  8.1  0.187415
18  8.3  0.164007
18  8.5  0.143971
18  8.7  0.126653
18  8.9  0.111694
18  9.1  0.0987079
18  9.3  0.0874146
18  9.5  0.0775433
18  9.7  0.0689508
18  9.9  0.0613417
18  10.1  0.0547045
18  10.3  0.0488536
18  10.5  0.0437041
18  10.7  0.0391557
18  10.9  0.0351435
18  11.1  0.0315895
18  11.3  0.0284348
18  11.5  0.0256249
18  11.7  0.0231236
18  11.9  0.0208926
20  0.1  883.432
20  0.3  689.239
20  0.5  536.458
20  0.7  410.676
20  0.9  311.253
20  1.1  234.577
20  1.3  176.537
20  1.5  132.882
20  1.7  100.092
20  1.9  75.6403
20  2.1  57.3684
20  2.3  43.7189
20  2.5  33.5133
20  2.7  25.8389
20  2.9  20.0461
20  3.1  15.6594
20  3.3  12.3138
20  3.5  9.74483
20  3.7  7.76139
20  3.9  6.22344
20  4.1  5.02197
20  4.3  4.0764
20  4.5  3.32685
20  4.7  2.73049
20  4.9  2.25278
20  5.1  1.86781
20  5.3  1.5555
20  5.5  1.30172
20  5.7  1.09384
20  5.9  0.922867
20  6.1  0.782354
20  6.3  0.664707
20  6.5  0.567205
20  6.7  0.485772
20  6.9  0.417484
20  7.1  0.35948
20  7.3  0.310709
20  7.5  0.269336
20  7.7  0.234252
20  7.9  0.204132
20  8.1  0.178336
20  8.3  0.156045
20  8.5  0.136965
20  8.7  0.120473
20  8.9  0.106232
20  9.1  0.0938679
20  9.3  0.0831111
20  9.5  0.0737172
20  9.7  0.065539
20  9.9  0.0583116
20  10.1  0.0519931
20  10.3  0.0464573
20  10.5  0.0415299
20  10.7  0.0372039
20  10.9  0.0333891
20  11.1  0.0300102
20  11.3  0.0270132
20  11.5  0.0243415
20  11.7  0.0219624
20  11.9  0.0198472
22  0.1  852.462
22  0.3  664.819
22  0.5  517.332
22  0.7  395.874
22  0.9  299.729
22  1.1  225.674
22  1.3  169.516
22  1.5  127.36
22  1.7  95.7915
22  1.9  72.222
22  2.1  54.6969
22  2.3  41.6354
22  2.5  31.8481
22  2.7  24.5317
22  2.9  19.0121
22  3.1  14.8364
22  3.3  11.6505
22  3.5  9.21436
22  3.7  7.33624
22  3.9  5.87944
22  4.1  4.74252
22  4.3  3.84629
22  4.5  3.1382
22  4.7  2.57422
22  4.9  2.12297
22  5.1  1.75944
22  5.3  1.46518
22  5.5  1.22554
22  5.7  1.02898
22  5.9  0.868363
22  6.1  0.735255
22  6.3  0.625146
22  6.5  0.533286
22  6.7  0.456788
22  6.9  0.391996
22  7.1  0.337774
22  7.3  0.292021
22  7.5  0.25293
22  7.7  0.21982
22  7.9  0.191586
22  8.1  0.167294
22  8.3  0.146564
22  8.5  0.128579
22  8.7  0.113068
22  8.9  0.0996547
22  9.1  0.088059
22  9.3  0.0779488
22  9.5  0.0691761
22  9.7  0.061467
22  9.9  0.0547072
22  10.1  0.0488172
22  10.3  0.0436267
22  10.5  0.0390326
22  10.7  0.0349798
22  10.9  0.031426
22  11.1  0.0282725
22  11.3  0.0255206
22  11.5  0.0230274
22  11.7  0.0208464
22  11.9  0.0188764
24  0.1  813.163
24  0.3  634.143
24  0.5  493.172
24  0.7  377.113
24  0.9  285.184
24  1.1  214.385
24  1.3  160.705
24  1.5  120.429
24  1.7  90.3935
24  1.9  67.9993
24  2.1  51.4058
24  2.3  39.0372
24  2.5  29.8183
24  2.7  22.9144
24  2.9  17.7397
24  3.1  13.8269
24  3.3  10.8519
24  3.5  8.56873
24  3.7  6.81611
24  3.9  5.4583
24  4.1  4.3985
24  4.3  3.56591
24  4.5  2.90708
24  4.7  2.38383
24  4.9  1.96468
24  5.1  1.62774
24  5.3  1.35448
24  5.5  1.1326
24  5.7  0.951583
24  5.9  0.801961
24  6.1  0.678997
24  6.3  0.576986
24  6.5  0.492074
24  6.7  0.421197
24  6.9  0.361828
24  7.1  0.311394
24  7.3  0.269051
24  7.5  0.233272
24  7.7  0.202676
24  7.9  0.176557
24  8.1  0.154177
24  8.3  0.134974
24  8.5  0.118329
24  8.7  0.10404
24  8.9  0.0917109
24  9.1  0.0810134
24  9.3  0.0717094
24  9.5  0.063585
24  9.7  0.0565152
24  9.9  0.0502636
24  10.1  0.0448063
24  10.3  0.0400234
24  10.5  0.0357719
24  10.7  0.0320374
24  10.9  0.0287464
24  11.1  0.0258313
24  11.3  0.0232457
24  11.5  0.0209457
24  11.7  0.018897
24  11.9  0.0170706
26  0.1  762.773
26  0.3  594.392
26  0.5  462.192
26  0.7  353.108
26  0.9  266.558
26  1.1  199.916
26  1.3  149.439
26  1.5  111.668
26  1.7  83.5499
26  1.9  62.6921
26  2.1  47.2329
26  2.3  35.786
26  2.5  27.2665
26  2.7  20.9145
26  2.9  16.1607
26  3.1  12.5762
26  3.3  9.85506
26  3.5  7.77141
26  3.7  6.17767
26  3.9  4.94604
26  4.1  3.98023
26  4.3  3.22629
26  4.5  2.62744
26  4.7  2.15343
26  4.9  1.77241
26  5.1  1.46637
26  5.3  1.22008
26  5.5  1.01984
26  5.7  0.855286
26  5.9  0.721007
26  6.1  0.610224
26  6.3  0.518326
26  6.5  0.441862
26  6.7  0.378045
26  6.9  0.324433
26  7.1  0.279307
26  7.3  0.241244
26  7.5  0.209098
26  7.7  0.181618
26  7.9  0.158168
26  8.1  0.13808
26  8.3  0.120842
26  8.5  0.105919
26  8.7  0.0931037
26  8.9  0.0820477
26  9.1  0.0724655
26  9.3  0.0641324
26  9.5  0.0568528
26  9.7  0.0504906
26  9.9  0.0449247
26  10.1  0.0400565
26  10.3  0.0357602
26  10.5  0.0319512
26  10.7  0.0286097
26  10.9  0.0256638
26  11.1  0.0230567
26  11.3  0.0207442
26  11.5  0.0186885
26  11.7  0.0168592
26  11.9  0.0152277
28  0.1  697.02
28  0.3  543.09
28  0.5  421.986
28  0.7  321.995
28  0.9  242.527
28  1.1  181.322
28  1.3  135.057
28  1.5  100.527
28  1.7  74.8886
28  1.9  55.9656
28  2.1  42.022
28  2.3  31.7276
28  2.5  24.1056
28  2.7  18.4424
28  2.9  14.2116
28  3.1  11.0354
28  3.3  8.62996
28  3.5  6.79877
28  3.7  5.39148
28  3.9  4.30784
28  4.1  3.46321
28  4.3  2.80179
28  4.5  2.27997
28  4.7  1.86593
28  4.9  1.53595
28  5.1  1.27106
28  5.3  1.05593
28  5.5  0.881625
28  5.7  0.739393
28  5.9  0.622957
28  6.1  0.526911
28  6.3  0.447322
28  6.5  0.381141
28  6.7  0.32585
28  6.9  0.279535
28  7.1  0.240533
28  7.3  0.207675
28  7.5  0.179916
28  7.7  0.156212
28  7.9  0.135988
28  8.1  0.118674
28  8.3  0.103815
28  8.5  0.0910244
28  8.7  0.0799343
28  8.9  0.0704201
28  9.1  0.0621779
28  9.3  0.05501
28  9.5  0.0487559
28  9.7  0.0432885
28  9.9  0.0385036
28  10.1  0.0343213
28  10.3  0.0306146
28  10.5  0.0273833
28  10.7  0.0244936
28  10.9  0.0219672
28  11.1  0.019731
28  11.3  0.017747
28  11.5  0.0159834
28  11.7  0.0144158
28  11.9  0.0130199
30  0.1  615.565
30  0.3  479.145
30  0.5  371.434
30  0.7  282.534
30  0.9  212.033
30  1.1  157.831
30  1.3  117.027
30  1.5  86.5815
30  1.7  64.1362
30  1.9  47.6986
30  2.1  35.6301
30  2.3  26.7832
30  2.5  20.2703
30  2.7  15.453
30  2.9  11.8699
30  3.1  9.19227
30  3.3  7.17242
30  3.5  5.63572
30  3.7  4.45974
30  3.9  3.55767
30  4.1  2.85529
30  4.3  2.30614
30  4.5  1.87387
30  4.7  1.53162
30  4.9  1.25926
30  5.1  1.0405
30  5.3  0.863758
30  5.5  0.72052
30  5.7  0.603697
30  5.9  0.508158
30  6.1  0.429525
30  6.3  0.364317
30  6.5  0.310196
30  6.7  0.265021
30  6.9  0.227184
30  7.1  0.195484
30  7.3  0.168687
30  7.5  0.145973
30  7.7  0.126658
30  7.9  0.110209
30  8.1  0.0961244
30  8.3  0.0840395
30  8.5  0.0736521
30  8.7  0.064693
30  8.9  0.0569624
30  9.1  0.0502394
30  9.3  0.0444222
30  9.5  0.0393846
30  9.7  0.0349559
30  9.9  0.0310584
30  10.1  0.0276638
30  10.3  0.0246805
30  10.5  0.022033
30  10.7  0.0197327
30  10.9  0.017703
30  11.1  0.0158962
30  11.3  0.0142912
30  11.5  0.0128616
30  11.7  0.011594
30  11.9  0.010471
32  0.1  511.839
32  0.3  398.414
32  0.5  308.992
32  0.7  234.75
32  0.9  175.485
32  1.1  129.881
32  1.3  95.6332
32  1.5  70.2583
32  1.7  51.685
32  1.9  38.1535
32  2.1  28.3378
32  2.3  21.1773
32  2.5  15.9472
32  2.7  12.1029
32  2.9  9.25946
32  3.1  7.14147
32  3.3  5.55262
32  3.5  4.35297
32  3.7  3.43542
32  3.9  2.73384
32  4.1  2.18954
32  4.3  1.76508
32  4.5  1.43128
32  4.7  1.1684
32  4.9  0.958556
32  5.1  0.791196
32  5.3  0.655565
32  5.5  0.546243
32  5.7  0.456953
32  5.9  0.38417
32  6.1  0.324331
32  6.3  0.274901
32  6.5  0.233787
32  6.7  0.199567
32  6.9  0.17089
32  7.1  0.146823
32  7.3  0.126592
32  7.5  0.109455
32  7.7  0.0949617
32  7.9  0.0825537
32  8.1  0.0719588
32  8.3  0.0628671
32  8.5  0.0550611
32  8.7  0.0483314
32  8.9  0.042535
32  9.1  0.0375194
32  9.3  0.033137
32  9.5  0.0293596
32  9.7  0.0260432
32  9.9  0.0231267
32  10.1  0.0205985
32  10.3  0.0183565
32  10.5  0.016378
32  10.7  0.0146609
32  10.9  0.0131464
32  11.1  0.0117973
32  11.3  0.0105968
32  11.5  0.0095381
32  11.7  0.00860125
32  11.9  0.00775812
