# fragmentation : Kniehl & Kramer (N=0.694, eps=0.101)
# channel       : An0n
#   dipole file dir       : data/Pb/mve/glauber_mve_<b>
#   pD0 loop             : 0.1 to 12.0 GeV, step 0.2
#   fixed rapidity y      : 2.5
# ============================================================
# b  pD0  dsigma_dy
0  0.1  359.591
0  0.3  218.498
0  0.5  138.645
0  0.7  88.7739
0  0.9  57.2989
0  1.1  37.3349
0  1.3  24.5605
0  1.5  16.3293
0  1.7  10.9661
0  1.9  7.44296
0  2.1  5.10672
0  2.3  3.53777
0  2.5  2.4754
0  2.7  1.74908
0  2.9  1.2477
0  3.1  0.898014
0  3.3  0.652119
0  3.5  0.477567
0  3.7  0.352523
0  3.9  0.262146
0  4.1  0.19636
0  4.3  0.148097
0  4.5  0.112441
0  4.7  0.0858828
0  4.9  0.065965
0  5.1  0.0509312
0  5.3  0.0395643
0  5.5  0.0308797
0  5.7  0.0242252
0  5.9  0.0190638
0  6.1  0.0150908
0  6.3  0.0119765
0  6.5  0.00954713
0  6.7  0.00764265
0  6.9  0.00613704
0  7.1  0.00494582
0  7.3  0.00399785
0  7.5  0.00324134
0  7.7  0.0026374
0  7.9  0.00214945
0  8.1  0.00175798
0  8.3  0.00144133
0  8.5  0.00118505
0  8.7  0.000976416
0  8.9  0.000806364
0  9.1  0.000667417
0  9.3  0.000553935
0  9.5  0.000459976
0  9.7  0.000383122
0  9.9  0.000320044
0  10.1  0.000267563
0  10.3  0.000224072
0  10.5  0.000188031
0  10.7  0.000158018
0  10.9  0.000133016
0  11.1  0.00011213
0  11.3  9.4592e-05
0  11.5  8.00615e-05
0  11.7  6.78059e-05
0  11.9  5.74266e-05
2  0.1  359.318
2  0.3  218.33
2  0.5  138.536
2  0.7  88.7027
2  0.9  57.2514
2  1.1  37.303
2  1.3  24.5383
2  1.5  16.3138
2  1.7  10.9552
2  1.9  7.43525
2  2.1  5.10123
2  2.3  3.53383
2  2.5  2.47256
2  2.7  1.74701
2  2.9  1.24619
2  3.1  0.896904
2  3.3  0.651292
2  3.5  0.476954
2  3.7  0.352063
2  3.9  0.261799
2  4.1  0.196097
2  4.3  0.147897
2  4.5  0.112287
2  4.7  0.0857642
2  4.9  0.0658728
2  5.1  0.0508597
2  5.3  0.0395082
2  5.5  0.0308357
2  5.7  0.0241904
2  5.9  0.0190362
2  6.1  0.0150688
2  6.3  0.0119589
2  6.5  0.00953301
2  6.7  0.00763128
2  6.9  0.00612781
2  7.1  0.00493837
2  7.3  0.0039918
2  7.5  0.00323643
2  7.7  0.00263339
2  7.9  0.00214616
2  8.1  0.00175528
2  8.3  0.00143911
2  8.5  0.00118322
2  8.7  0.000974907
2  8.9  0.000805114
2  9.1  0.00066638
2  9.3  0.000553084
2  9.5  0.000459264
2  9.7  0.000382525
2  9.9  0.000319546
2  10.1  0.000267149
2  10.3  0.000223724
2  10.5  0.000187739
2  10.7  0.000157775
2  10.9  0.000132811
2  11.1  0.000111956
2  11.3  9.4443e-05
2  11.5  7.99341e-05
2  11.7  6.76984e-05
2  11.9  5.73362e-05
4  0.1  358.479
4  0.3  217.817
4  0.5  138.201
4  0.7  88.5321
4  0.9  57.1059
4  1.1  37.2038
4  1.3  24.471
4  1.5  16.264
4  1.7  10.9223
4  1.9  7.41199
4  2.1  5.08465
4  2.3  3.52206
4  2.5  2.464
4  2.7  1.74043
4  2.9  1.24167
4  3.1  0.893517
4  3.3  0.648807
4  3.5  0.475086
4  3.7  0.350645
4  3.9  0.260731
4  4.1  0.195212
4  4.3  0.147286
4  4.5  0.111836
4  4.7  0.0853805
4  4.9  0.0655763
4  5.1  0.050648
4  5.3  0.0393455
4  5.5  0.0307047
4  5.7  0.0240735
4  5.9  0.0189681
4  6.1  0.0150014
4  6.3  0.011914
4  6.5  0.0094905
4  6.7  0.00759783
4  6.9  0.00610196
4  7.1  0.00491694
4  7.3  0.00397443
4  7.5  0.00322447
4  7.7  0.00261965
4  7.9  0.0021369
4  8.1  0.00174756
4  8.3  0.00143381
4  8.5  0.00117918
4  8.7  0.000971745
4  8.9  0.000802775
4  9.1  0.000664061
4  9.3  0.000551279
4  9.5  0.000458013
4  9.7  0.000381524
4  9.9  0.000318727
4  10.1  0.00026661
4  10.3  0.000223392
4  10.5  0.000187498
4  10.7  0.000157829
4  10.9  0.000132939
4  11.1  0.000112203
4  11.3  9.47747e-05
4  11.5  8.02548e-05
4  11.7  6.79655e-05
4  11.9  5.77118e-05
6  0.1  357.097
6  0.3  216.966
6  0.5  137.653
6  0.7  88.1243
6  0.9  56.8656
6  1.1  37.0508
6  1.3  24.358
6  1.5  16.1853
6  1.7  10.8672
6  1.9  7.3728
6  2.1  5.05676
6  2.3  3.50194
6  2.5  2.44955
6  2.7  1.73029
6  2.9  1.23396
6  3.1  0.887909
6  3.3  0.644643
6  3.5  0.471998
6  3.7  0.348345
6  3.9  0.259002
6  4.1  0.193977
6  4.3  0.14628
6  4.5  0.111047
6  4.7  0.0848073
6  4.9  0.0651317
6  5.1  0.0502835
6  5.3  0.0390574
6  5.5  0.0304815
6  5.7  0.0238973
6  5.9  0.0188297
6  6.1  0.0148925
6  6.3  0.0118182
6  6.5  0.00942035
6  6.7  0.00754067
6  6.9  0.00605539
6  7.1  0.00487927
6  7.3  0.00394395
6  7.5  0.00319928
6  7.7  0.00260152
6  7.9  0.00212007
6  8.1  0.00173379
6  8.3  0.00142146
6  8.5  0.00116848
6  8.7  0.00096276
6  8.9  0.000795109
6  9.1  0.000658074
6  9.3  0.000545801
6  9.5  0.000453984
6  9.7  0.000378047
6  9.9  0.000315522
6  10.1  0.000263569
6  10.3  0.00022092
6  10.5  0.000185362
6  10.7  0.000155775
6  10.9  0.00013103
6  11.1  0.000110549
6  11.3  9.32478e-05
6  11.5  7.89409e-05
6  11.7  6.6766e-05
6  11.9  5.66793e-05
8  0.1  355.098
8  0.3  215.738
8  0.5  136.86
8  0.7  87.6041
8  0.9  56.5186
8  1.1  36.8145
8  1.3  24.1956
8  1.5  16.0723
8  1.7  10.7879
8  1.9  7.31675
8  2.1  5.01684
8  2.3  3.47331
8  2.5  2.4289
8  2.7  1.7153
8  2.9  1.22302
8  3.1  0.879873
8  3.3  0.638698
8  3.5  0.467508
8  3.7  0.34503
8  3.9  0.256503
8  4.1  0.19208
8  4.3  0.144837
8  4.5  0.109942
8  4.7  0.0839518
8  4.9  0.0644679
8  5.1  0.0497676
8  5.3  0.0386535
8  5.5  0.0301642
8  5.7  0.0236605
8  5.9  0.0186167
8  6.1  0.014735
8  6.3  0.0116924
8  6.5  0.00931968
8  6.7  0.00745975
8  6.9  0.00599333
8  7.1  0.00482645
8  7.3  0.00390097
8  7.5  0.00316445
8  7.7  0.00257309
8  7.9  0.00209681
8  8.1  0.0017148
8  8.3  0.00140579
8  8.5  0.00115572
8  8.7  0.000952207
8  8.9  0.000786305
8  9.1  0.000650758
8  9.3  0.000540082
8  9.5  0.000448444
8  9.7  0.000373489
8  9.9  0.000311983
8  10.1  0.00026081
8  10.3  0.000218401
8  10.5  0.000183265
8  10.7  0.000154006
8  10.9  0.000129632
8  11.1  0.000109273
8  11.3  9.21783e-05
8  11.5  7.80153e-05
8  11.7  6.60703e-05
8  11.9  5.60162e-05
10  0.1  352.435
10  0.3  214.102
10  0.5  135.798
10  0.7  86.9101
10  0.9  56.0807
10  1.1  36.5012
10  1.3  23.98
10  1.5  15.9255
10  1.7  10.6828
10  1.9  7.24254
10  2.1  4.96406
10  2.3  3.43557
10  2.5  2.40166
10  2.7  1.69524
10  2.9  1.20863
10  3.1  0.86924
10  3.3  0.630853
10  3.5  0.461641
10  3.7  0.340619
10  3.9  0.253177
10  4.1  0.189487
10  4.3  0.14292
10  4.5  0.108496
10  4.7  0.082803
10  4.9  0.0635802
10  5.1  0.0490935
10  5.3  0.0381296
10  5.5  0.0297621
10  5.7  0.0233191
10  5.9  0.0183709
10  6.1  0.0145262
10  6.3  0.0115338
10  6.5  0.00918742
10  6.7  0.00735458
10  6.9  0.00590514
10  7.1  0.00475774
10  7.3  0.00384753
10  7.5  0.00311734
10  7.7  0.00253467
10  7.9  0.00206701
10  8.1  0.00169163
10  8.3  0.00138754
10  8.5  0.00114093
10  8.7  0.000939545
10  8.9  0.000776039
10  9.1  0.000642465
10  9.3  0.000533529
10  9.5  0.000443316
10  9.7  0.000369386
10  9.9  0.00030846
10  10.1  0.000258306
10  10.3  0.000216524
10  10.5  0.000181726
10  10.7  0.000152924
10  10.9  0.000128768
10  11.1  0.000108677
10  11.3  9.19554e-05
10  11.5  7.77821e-05
10  11.7  6.59687e-05
10  11.9  5.60634e-05
12  0.1  349.177
12  0.3  212.036
12  0.5  134.465
12  0.7  86.0351
12  0.9  55.4956
12  1.1  36.1036
12  1.3  23.707
12  1.5  15.7331
12  1.7  10.55
12  1.9  7.14856
12  2.1  4.89713
12  2.3  3.38756
12  2.5  2.36715
12  2.7  1.67056
12  2.9  1.19035
12  3.1  0.855878
12  3.3  0.62095
12  3.5  0.454318
12  3.7  0.335136
12  3.9  0.249051
12  4.1  0.186431
12  4.3  0.140533
12  4.5  0.106644
12  4.7  0.0814064
12  4.9  0.0624955
12  5.1  0.0482358
12  5.3  0.0374545
12  5.5  0.0292225
12  5.7  0.0229047
12  5.9  0.0180429
12  6.1  0.0142669
12  6.3  0.0113191
12  6.5  0.0090208
12  6.7  0.00721946
12  6.9  0.00579548
12  7.1  0.00466962
12  7.3  0.00377379
12  7.5  0.00306093
12  7.7  0.00248864
12  7.9  0.00202771
12  8.1  0.00165815
12  8.3  0.00135921
12  8.5  0.00111732
12  8.7  0.000920525
12  8.9  0.000760036
12  9.1  0.000628954
12  9.3  0.000521949
12  9.5  0.000433782
12  9.7  0.000360886
12  9.9  0.000301434
12  10.1  0.000251969
12  10.3  0.000210969
12  10.5  0.000177025
12  10.7  0.000148751
12  10.9  0.000125203
12  11.1  0.000105533
12  11.3  8.9015e-05
12  11.5  7.53348e-05
12  11.7  6.3798e-05
12  11.9  5.40864e-05
14  0.1  344.98
14  0.3  209.448
14  0.5  132.797
14  0.7  84.9416
14  0.9  54.7667
14  1.1  35.6098
14  1.3  23.3673
14  1.5  15.5007
14  1.7  10.3851
14  1.9  7.03204
14  2.1  4.81432
14  2.3  3.32829
14  2.5  2.3245
14  2.7  1.6397
14  2.9  1.16781
14  3.1  0.83933
14  3.3  0.608728
14  3.5  0.44524
14  3.7  0.328331
14  3.9  0.243932
14  4.1  0.182554
14  4.3  0.137582
14  4.5  0.104386
14  4.7  0.0796616
14  4.9  0.061143
14  5.1  0.0471847
14  5.3  0.036633
14  5.5  0.0285769
14  5.7  0.0223959
14  5.9  0.0176398
14  6.1  0.0139463
14  6.3  0.0110635
14  6.5  0.00881615
14  6.7  0.00705495
14  6.9  0.00566332
14  7.1  0.00456226
14  7.3  0.00368682
14  7.5  0.00299013
14  7.7  0.00243087
14  7.9  0.00198048
14  8.1  0.00161939
14  8.3  0.00132734
14  8.5  0.00109102
14  8.7  0.000898819
14  8.9  0.000742051
14  9.1  0.000614035
14  9.3  0.000509544
14  9.5  0.000423451
14  9.7  0.000352272
14  9.9  0.000294228
14  10.1  0.00024594
14  10.3  0.000205942
14  10.5  0.000172779
14  10.7  0.000145176
14  10.9  0.000122182
14  11.1  0.000102987
14  11.3  8.68616e-05
14  11.5  7.35095e-05
14  11.7  6.22457e-05
14  11.9  5.27698e-05
16  0.1  339.806
16  0.3  206.259
16  0.5  130.742
16  0.7  83.6462
16  0.9  53.8684
16  1.1  35.001
16  1.3  22.9502
16  1.5  15.2112
16  1.7  10.1829
16  1.9  6.88939
16  2.1  4.71309
16  2.3  3.25591
16  2.5  2.27245
16  2.7  1.60174
16  2.9  1.14036
16  3.1  0.819203
16  3.3  0.593849
16  3.5  0.434187
16  3.7  0.320055
16  3.9  0.237709
16  4.1  0.17784
16  4.3  0.133996
16  4.5  0.101641
16  4.7  0.0775478
16  4.9  0.0595066
16  5.1  0.0459129
16  5.3  0.0356395
16  5.5  0.0277964
16  5.7  0.0217804
16  5.9  0.0171521
16  6.1  0.0135586
16  6.3  0.0107544
16  6.5  0.00856873
16  6.7  0.00685613
16  6.9  0.00550356
16  7.1  0.00443248
16  7.3  0.00358149
16  7.5  0.00290452
16  7.7  0.002361
16  7.9  0.00192335
16  8.1  0.00157257
16  8.3  0.00128886
16  8.5  0.00105929
16  8.7  0.000872628
16  8.9  0.000720352
16  9.1  0.000596036
16  9.3  0.000494563
16  9.5  0.000410967
16  9.7  0.000342171
16  9.9  0.00028551
16  10.1  0.000238635
16  10.3  0.000199771
16  10.5  0.000167617
16  10.7  0.00014083
16  10.9  0.000118518
16  11.1  9.98932e-05
16  11.3  8.43256e-05
16  11.5  7.12947e-05
16  11.7  6.03677e-05
16  11.9  5.11743e-05
18  0.1  333.326
18  0.3  202.351
18  0.5  128.221
18  0.7  82.0008
18  0.9  52.7679
18  1.1  34.2558
18  1.3  22.4397
18  1.5  14.8573
18  1.7  9.93583
18  1.9  6.71547
18  2.1  4.58985
18  2.3  3.16759
18  2.5  2.20922
18  2.7  1.55607
18  2.9  1.10707
18  3.1  0.794843
18  3.3  0.575854
18  3.5  0.420822
18  3.7  0.310061
18  3.9  0.230194
18  4.1  0.172151
18  4.3  0.129666
18  4.5  0.0983304
18  4.7  0.0749949
18  4.9  0.0575326
18  5.1  0.0443774
18  5.3  0.034439
18  5.5  0.0268542
18  5.7  0.0210381
18  5.9  0.0165638
18  6.1  0.0130909
18  6.3  0.010382
18  6.5  0.00827049
18  6.7  0.00661653
18  6.9  0.00531032
18  7.1  0.00427624
18  7.3  0.00345482
18  7.5  0.00280147
18  7.7  0.00227695
18  7.9  0.00185465
18  8.1  0.00151624
18  8.3  0.00124252
18  8.5  0.00102109
18  8.7  0.000841135
18  8.9  0.000694246
18  9.1  0.000574372
18  9.3  0.000476549
18  9.5  0.000395966
18  9.7  0.000329652
18  9.9  0.000275041
18  10.1  0.000229868
18  10.3  0.000192388
18  10.5  0.000161434
18  10.7  0.000135627
18  10.9  0.00011413
18  11.1  9.61879e-05
18  11.3  8.11932e-05
18  11.5  6.86358e-05
18  11.7  5.81111e-05
18  11.9  4.92595e-05
20  0.1  325.472
20  0.3  197.506
20  0.5  125.114
20  0.7  79.8981
20  0.9  51.4073
20  1.1  33.3375
20  1.3  21.8115
20  1.5  14.4228
20  1.7  9.633
20  1.9  6.50259
20  2.1  4.43923
20  2.3  3.06033
20  2.5  2.1322
20  2.7  1.50046
20  2.9  1.0666
20  3.1  0.76524
20  3.3  0.554021
20  3.5  0.404615
20  3.7  0.297937
20  3.9  0.221098
20  4.1  0.165274
20  4.3  0.124434
20  4.5  0.0943111
20  4.7  0.0719148
20  4.9  0.0551497
20  5.1  0.0425238
20  5.3  0.0329913
20  5.5  0.0257177
20  5.7  0.0201436
20  5.9  0.015855
20  6.1  0.0125278
20  6.3  0.00993374
20  6.5  0.00791135
20  6.7  0.00632802
20  6.9  0.00507787
20  7.1  0.00408824
20  7.3  0.00330247
20  7.5  0.00267744
20  7.7  0.00217576
20  7.9  0.00177192
20  8.1  0.00144854
20  8.3  0.00118682
20  8.5  0.000975162
20  8.7  0.000803221
20  8.9  0.000662889
20  9.1  0.000548327
20  9.3  0.000454891
20  9.5  0.000377923
20  9.7  0.000314614
20  9.9  0.000262461
20  10.1  0.000219338
20  10.3  0.000183622
20  10.5  0.00015401
20  10.7  0.000129376
20  10.9  0.000108856
20  11.1  9.17349e-05
20  11.3  7.74277e-05
20  11.5  6.54507e-05
20  11.7  5.54084e-05
20  11.9  4.69656e-05
22  0.1  315.638
22  0.3  191.45
22  0.5  121.222
22  0.7  77.3496
22  0.9  49.7106
22  1.1  32.1927
22  1.3  21.0302
22  1.5  13.8836
22  1.7  9.25801
22  1.9  6.23954
22  2.1  4.25352
22  2.3  2.92825
22  2.5  2.03754
22  2.7  1.43225
22  2.9  1.01705
22  3.1  0.729032
22  3.3  0.527339
22  3.5  0.384829
22  3.7  0.283195
22  3.9  0.210018
22  4.1  0.156903
22  4.3  0.118067
22  4.5  0.0894381
22  4.7  0.0681687
22  4.9  0.0522524
22  5.1  0.0402742
22  5.3  0.0312354
22  5.5  0.0243401
22  5.7  0.0190586
22  5.9  0.0149951
22  6.1  0.0118452
22  6.3  0.00939028
22  6.5  0.00747653
22  6.7  0.00597892
22  6.9  0.0047963
22  7.1  0.00386075
22  7.3  0.00311793
22  7.5  0.00252585
22  7.7  0.00205398
22  7.9  0.00167189
22  8.1  0.00136656
22  8.3  0.00111963
22  8.5  0.000919752
22  8.7  0.000757241
22  8.9  0.000624979
22  9.1  0.000516886
22  9.3  0.000428413
22  9.5  0.000356146
22  9.7  0.000296423
22  9.9  0.000247266
22  10.1  0.000206611
22  10.3  0.000172936
22  10.5  0.000145036
22  10.7  0.000121827
22  10.9  0.0001025
22  11.1  8.62823e-05
22  11.3  7.28864e-05
22  11.5  6.16095e-05
22  11.7  5.21477e-05
22  11.9  4.42021e-05
24  0.1  303.092
24  0.3  183.75
24  0.5  116.276
24  0.7  74.1118
24  0.9  47.5622
24  1.1  30.7281
24  1.3  20.0435
24  1.5  13.205
24  1.7  8.78781
24  1.9  5.91027
24  2.1  4.0217
24  2.3  2.76404
24  2.5  1.91978
24  2.7  1.34765
24  2.9  0.9557
24  3.1  0.684257
24  3.3  0.494391
24  3.5  0.360443
24  3.7  0.265025
24  3.9  0.196387
24  4.1  0.146615
24  4.3  0.110247
24  4.5  0.0834544
24  4.7  0.0635747
24  4.9  0.0487009
24  5.1  0.0375192
24  5.3  0.0290875
24  5.5  0.0226551
24  5.7  0.0177319
24  5.9  0.0139458
24  6.1  0.0110124
24  6.3  0.00872705
24  6.5  0.0069457
24  6.7  0.00555255
24  6.9  0.00445326
24  7.1  0.00358362
24  7.3  0.00289355
24  7.5  0.00234466
24  7.7  0.00190409
24  7.9  0.0015502
24  8.1  0.00126687
24  8.3  0.00103821
24  8.5  0.000852246
24  8.7  0.000701674
24  8.9  0.000578862
24  9.1  0.000478664
24  9.3  0.000396989
24  9.5  0.000329688
24  9.7  0.00027437
24  9.9  0.000228829
24  10.1  0.000191167
24  10.3  0.000159971
24  10.5  0.000134132
24  10.7  0.00011267
24  10.9  9.47768e-05
24  11.1  7.98469e-05
24  11.3  6.73778e-05
24  11.5  5.69462e-05
24  11.7  4.81905e-05
24  11.9  4.08386e-05
26  0.1  286.875
26  0.3  173.877
26  0.5  109.867
26  0.7  69.9236
26  0.9  44.7756
26  1.1  28.8668
26  1.3  18.7785
26  1.5  12.3378
26  1.7  8.18852
26  1.9  5.49227
26  2.1  3.72836
26  2.3  2.55645
26  2.5  1.77218
26  2.7  1.24168
26  2.9  0.878879
26  3.1  0.628314
26  3.3  0.453328
26  3.5  0.330122
26  3.7  0.242429
26  3.9  0.179454
26  4.1  0.133846
26  4.3  0.100559
26  4.5  0.076055
26  4.7  0.0578926
26  4.9  0.0442994
26  5.1  0.0341166
26  5.3  0.0264208
26  5.5  0.0205749
26  5.7  0.0160915
26  5.9  0.0126523
26  6.1  0.00998589
26  6.3  0.00791027
26  6.5  0.00629239
26  6.7  0.00502794
26  6.9  0.00403084
26  7.1  0.00324288
26  7.3  0.00261839
26  7.5  0.00212018
26  7.7  0.00172136
26  7.9  0.00140079
26  8.1  0.00114444
26  8.3  0.000937146
26  8.5  0.000769862
26  8.7  0.000633067
26  8.9  0.000522178
26  9.1  0.000431777
26  9.3  0.000357669
26  9.5  0.000296974
26  9.7  0.000247078
26  9.9  0.000206217
26  10.1  0.00017224
26  10.3  0.000144006
26  10.5  0.000120716
26  10.7  0.000101456
26  10.9  8.53391e-05
26  11.1  7.18087e-05
26  11.3  6.06486e-05
26  11.5  5.11953e-05
26  11.7  4.33497e-05
26  11.9  3.66923e-05
28  0.1  265.462
28  0.3  160.789
28  0.5  101.557
28  0.7  64.4538
28  0.9  41.1593
28  1.1  26.4595
28  1.3  17.1443
28  1.5  11.2202
28  1.7  7.4199
28  1.9  4.96254
28  2.1  3.3556
28  2.3  2.29404
28  2.5  1.58583
28  2.7  1.10839
28  2.9  0.782753
28  3.1  0.558427
28  3.3  0.402159
28  3.5  0.292413
28  3.7  0.214381
28  3.9  0.158459
28  4.1  0.118016
28  4.3  0.0885821
28  4.5  0.0669196
28  4.7  0.0508918
28  4.9  0.0389171
28  5.1  0.0299334
28  5.3  0.0231727
28  5.5  0.0180177
28  5.7  0.0140853
28  5.9  0.0110675
28  6.1  0.008729
28  6.3  0.00690967
28  6.5  0.00549391
28  6.7  0.00438749
28  6.9  0.00351559
28  7.1  0.00282649
28  7.3  0.00227979
28  7.5  0.00184503
28  7.7  0.00149754
28  7.9  0.00121866
28  8.1  0.000995026
28  8.3  0.000814706
28  8.5  0.000668686
28  8.7  0.000550101
28  8.9  0.000453571
28  9.1  0.000374816
28  9.3  0.000310699
28  9.5  0.000257878
28  9.7  0.000214472
28  9.9  0.000178772
28  10.1  0.000149275
28  10.3  0.000124852
28  10.5  0.00010465
28  10.7  8.78513e-05
28  10.9  7.38623e-05
28  11.1  6.22015e-05
28  11.3  5.24627e-05
28  11.5  4.43172e-05
28  11.7  3.74908e-05
28  11.9  3.17574e-05
30  0.1  237.649
30  0.3  143.799
30  0.5  90.5727
30  0.7  57.3828
30  0.9  36.5087
30  1.1  23.3585
30  1.3  15.061
30  1.5  9.80957
30  1.7  6.45326
30  1.9  4.29484
30  2.1  2.8929
30  2.3  1.97101
30  2.5  1.35753
30  2.7  0.946094
30  2.9  0.666801
30  3.1  0.474665
30  3.3  0.341222
30  3.5  0.247409
30  3.7  0.180829
30  3.9  0.133401
30  4.1  0.0992133
30  4.3  0.074419
30  4.5  0.056215
30  4.7  0.0427416
30  4.9  0.0327093
30  5.1  0.0251781
30  5.3  0.0195012
30  5.5  0.0151981
30  5.7  0.0119127
30  5.9  0.00937757
30  6.1  0.00741485
30  6.3  0.00588889
30  6.5  0.00467363
30  6.7  0.00370401
30  6.9  0.00294815
30  7.1  0.0023546
30  7.3  0.00188671
30  7.5  0.00152105
30  7.7  0.00123385
30  7.9  0.0010044
30  8.1  0.000819131
30  8.3  0.000671002
30  8.5  0.000549719
30  8.7  0.000451908
30  8.9  0.00037251
30  9.1  0.000308083
30  9.3  0.000255104
30  9.5  0.000211563
30  9.7  0.000175782
30  9.9  0.000146446
30  10.1  0.000122279
30  10.3  0.000102287
30  10.5  8.56883e-05
30  10.7  7.18271e-05
30  10.9  6.03566e-05
30  11.1  5.08191e-05
30  11.3  4.28925e-05
30  11.5  3.62194e-05
30  11.7  3.06227e-05
30  11.9  2.5936e-05
32  0.1  204.056
32  0.3  123.252
32  0.5  77.5562
32  0.7  48.9739
32  0.9  31.0036
32  1.1  19.7346
32  1.3  12.6574
32  1.5  8.16027
32  1.7  5.31527
32  1.9  3.51231
32  2.1  2.35129
32  2.3  1.593
32  2.5  1.09202
32  2.7  0.757639
32  2.9  0.531323
32  3.1  0.376773
32  3.3  0.26987
32  3.5  0.195097
32  3.7  0.142447
32  3.9  0.104829
32  4.1  0.0778392
32  4.3  0.0581065
32  4.5  0.0437393
32  4.7  0.0331609
32  4.9  0.0252951
32  5.1  0.0194068
32  5.3  0.014977
32  5.5  0.0116222
32  5.7  0.0090646
32  5.9  0.00710208
32  6.1  0.00558966
32  6.3  0.00441829
32  6.5  0.0035071
32  6.7  0.00279474
32  6.9  0.00223588
32  7.1  0.00179599
32  7.3  0.00144543
32  7.5  0.00116781
32  7.7  0.000946558
32  7.9  0.000769893
32  8.1  0.000627363
32  8.3  0.000512865
32  8.5  0.000420394
32  8.7  0.000345411
32  8.9  0.0002845
32  9.1  0.000235075
32  9.3  0.000194465
32  9.5  0.000161086
32  9.7  0.000133808
32  9.9  0.000111544
32  10.1  9.29597e-05
32  10.3  7.77484e-05
32  10.5  6.51044e-05
32  10.7  5.4608e-05
32  10.9  4.58635e-05
32  11.1  3.85987e-05
32  11.3  3.25007e-05
32  11.5  2.74576e-05
32  11.7  2.31802e-05
32  11.9  1.96219e-05
