# fragmentation : Kniehl & Kramer (N=0.694, eps=0.101)
# channel       : An0n
#   dipole file dir       : data/Pb/mve/glauber_mve_<b>
#   pD0 loop             : 0.1 to 12.0 GeV, step 0.2
#   fixed rapidity y      : -1.5
# ============================================================
# b  pD0  dsigma_dy
0  0.1  1205.82
0  0.3  797.727
0  0.5  553.978
0  0.7  391.228
0  0.9  279.215
0  1.1  200.666
0  1.3  145.071
0  1.5  105.531
0  1.7  77.2716
0  1.9  56.9773
0  2.1  42.3633
0  2.3  31.7785
0  2.5  24.0725
0  2.7  18.398
0  2.9  14.2185
0  3.1  11.0868
0  3.3  8.72742
0  3.5  6.93473
0  3.7  5.55724
0  3.9  4.48979
0  4.1  3.65515
0  4.3  2.99863
0  4.5  2.47699
0  4.7  2.05775
0  4.9  1.72207
0  5.1  1.44704
0  5.3  1.22481
0  5.5  1.04074
0  5.7  0.889331
0  5.9  0.76319
0  6.1  0.65742
0  6.3  0.56853
0  6.5  0.493589
0  6.7  0.430707
0  6.9  0.376835
0  7.1  0.330794
0  7.3  0.291203
0  7.5  0.256942
0  7.7  0.227501
0  7.9  0.201968
0  8.1  0.180023
0  8.3  0.160658
0  8.5  0.143779
0  8.7  0.128938
0  8.9  0.115885
0  9.1  0.104407
0  9.3  0.094207
0  9.5  0.0851515
0  9.7  0.0770026
0  9.9  0.0700199
0  10.1  0.0636841
0  10.3  0.0579896
0  10.5  0.0529162
0  10.7  0.048284
0  10.9  0.0441892
0  11.1  0.0404829
0  11.3  0.0371404
0  11.5  0.0341565
0  11.7  0.0313736
0  11.9  0.0289542
2  0.1  1204.42
2  0.3  796.796
2  0.5  553.329
2  0.7  390.759
2  0.9  278.865
2  1.1  200.396
2  1.3  144.866
2  1.5  105.304
2  1.7  77.1523
2  1.9  56.8862
2  2.1  42.2935
2  2.3  31.7249
2  2.5  24.0311
2  2.7  18.3661
2  2.9  14.1933
2  3.1  11.0671
2  3.3  8.71166
2  3.5  6.92218
2  3.7  5.54714
2  3.9  4.4816
2  4.1  3.64847
2  4.3  2.99312
2  4.5  2.47257
2  4.7  2.05564
2  4.9  1.71886
2  5.1  1.44434
2  5.3  1.22173
2  5.5  1.03903
2  5.7  0.887678
2  5.9  0.761636
2  6.1  0.656125
2  6.3  0.567447
2  6.5  0.492663
2  6.7  0.429896
2  6.9  0.375885
2  7.1  0.330162
2  7.3  0.290679
2  7.5  0.256504
2  7.7  0.22727
2  7.9  0.201582
2  8.1  0.179717
2  8.3  0.160279
2  8.5  0.143503
2  8.7  0.128695
2  8.9  0.115667
2  9.1  0.104199
2  9.3  0.0940223
2  9.5  0.0849889
2  9.7  0.0768561
2  9.9  0.0698959
2  10.1  0.0635127
2  10.3  0.057898
2  10.5  0.0527712
2  10.7  0.0482016
2  10.9  0.0441064
2  11.1  0.0404121
2  11.3  0.0370716
2  11.5  0.0340877
2  11.7  0.0313145
2  11.9  0.0288906
4  0.1  1200.37
4  0.3  793.969
4  0.5  551.354
4  0.7  389.307
4  0.9  277.767
4  1.1  199.591
4  1.3  144.224
4  1.5  104.894
4  1.7  76.7954
4  1.9  56.6127
4  2.1  42.083
4  2.3  31.5632
4  2.5  23.8964
4  2.7  18.2794
4  2.9  14.1179
4  3.1  11.01
4  3.3  8.6631
4  3.5  6.88512
4  3.7  5.51765
4  3.9  4.45748
4  4.1  3.62807
4  4.3  2.97766
4  4.5  2.4581
4  4.7  2.04379
4  4.9  1.70952
4  5.1  1.4362
4  5.3  1.21484
4  5.5  1.03274
4  5.7  0.882697
4  5.9  0.757343
4  6.1  0.652434
4  6.3  0.564237
4  6.5  0.489875
4  6.7  0.427462
4  6.9  0.373865
4  7.1  0.328309
4  7.3  0.289099
4  7.5  0.255198
4  7.7  0.225994
4  7.9  0.200441
4  8.1  0.178499
4  8.3  0.159433
4  8.5  0.142687
4  8.7  0.127957
4  8.9  0.115005
4  9.1  0.103613
4  9.3  0.0934891
4  9.5  0.0844379
4  9.7  0.0764129
4  9.9  0.0693883
4  10.1  0.0631954
4  10.3  0.0575587
4  10.5  0.0525161
4  10.7  0.0479445
4  10.9  0.0438538
4  11.1  0.0401761
4  11.3  0.036902
4  11.5  0.0338959
4  11.7  0.0311262
4  11.9  0.028728
6  0.1  1193.68
6  0.3  789.165
6  0.5  548.037
6  0.7  386.947
6  0.9  275.961
6  1.1  198.125
6  1.3  143.192
6  1.5  104.121
6  1.7  76.1859
6  1.9  56.1469
6  2.1  41.7269
6  2.3  31.2905
6  2.5  23.6948
6  2.7  18.1079
6  2.9  13.9899
6  3.1  10.9071
6  3.3  8.5847
6  3.5  6.82063
6  3.7  5.46547
6  3.9  4.41535
6  4.1  3.59438
6  4.3  2.94859
6  4.5  2.43545
6  4.7  2.02495
6  4.9  1.6933
6  5.1  1.42273
6  5.3  1.20371
6  5.5  1.02361
6  5.7  0.874226
6  5.9  0.750144
6  6.1  0.646255
6  6.3  0.558942
6  6.5  0.485187
6  6.7  0.423337
6  6.9  0.370381
6  7.1  0.325027
6  7.3  0.286278
6  7.5  0.252736
6  7.7  0.223845
6  7.9  0.198459
6  8.1  0.176929
6  8.3  0.157813
6  8.5  0.141315
6  8.7  0.12672
6  8.9  0.113898
6  9.1  0.102588
6  9.3  0.0925818
6  9.5  0.0836868
6  9.7  0.0756801
6  9.9  0.0688102
6  10.1  0.0625756
6  10.3  0.0569178
6  10.5  0.0519289
6  10.7  0.0474483
6  10.9  0.0434008
6  11.1  0.0397899
6  11.3  0.0365352
6  11.5  0.0335426
6  11.7  0.0308699
6  11.9  0.0284455
8  0.1  1183.69
8  0.3  782.388
8  0.5  543.285
8  0.7  383.483
8  0.9  273.388
8  1.1  196.161
8  1.3  141.698
8  1.5  102.913
8  1.7  75.3166
8  1.9  55.4925
8  2.1  41.2221
8  2.3  30.9034
8  2.5  23.3975
8  2.7  17.8764
8  2.9  13.8047
8  3.1  10.7643
8  3.3  8.47186
8  3.5  6.73008
8  3.7  5.393
8  3.9  4.35681
8  4.1  3.5467
8  4.3  2.90934
8  4.5  2.40276
8  4.7  1.9973
8  4.9  1.67017
8  5.1  1.40333
8  5.3  1.1877
8  5.5  1.00949
8  5.7  0.862611
8  5.9  0.739851
8  6.1  0.637463
8  6.3  0.551325
8  6.5  0.47877
8  6.7  0.417528
8  6.9  0.365159
8  7.1  0.320624
8  7.3  0.282255
8  7.5  0.249368
8  7.7  0.220764
8  7.9  0.195999
8  8.1  0.174473
8  8.3  0.155846
8  8.5  0.139427
8  8.7  0.125058
8  8.9  0.112379
8  9.1  0.101203
8  9.3  0.0913016
8  9.5  0.0825079
8  9.7  0.0746616
8  9.9  0.0677658
8  10.1  0.061664
8  10.3  0.0561633
8  10.5  0.0511989
8  10.7  0.0467822
8  10.9  0.0428138
8  11.1  0.0392293
8  11.3  0.0360109
8  11.5  0.0330956
8  11.7  0.030395
8  11.9  0.0280495
10  0.1  1170.54
10  0.3  773.561
10  0.5  537.041
10  0.7  378.904
10  0.9  269.963
10  1.1  193.574
10  1.3  139.75
10  1.5  101.503
10  1.7  74.1905
10  1.9  54.6211
10  2.1  40.5592
10  2.3  30.3947
10  2.5  23.0054
10  2.7  17.582
10  2.9  13.5715
10  3.1  10.5779
10  3.3  8.32376
10  3.5  6.61201
10  3.7  5.29785
10  3.9  4.27914
10  4.1  3.48289
10  4.3  2.85703
10  4.5  2.35957
10  4.7  1.9619
10  4.9  1.63892
10  5.1  1.37927
10  5.3  1.16593
10  5.5  0.991405
10  5.7  0.846331
10  5.9  0.726562
10  6.1  0.625791
10  6.3  0.541321
10  6.5  0.470156
10  6.7  0.409855
10  6.9  0.358384
10  7.1  0.314752
10  7.3  0.277137
10  7.5  0.244577
10  7.7  0.216535
10  7.9  0.192352
10  8.1  0.171293
10  8.3  0.152856
10  8.5  0.136702
10  8.7  0.122681
10  8.9  0.110236
10  9.1  0.099204
10  9.3  0.0896171
10  9.5  0.0808823
10  9.7  0.0732593
10  9.9  0.0666024
10  10.1  0.0605633
10  10.3  0.0551194
10  10.5  0.0502498
10  10.7  0.0459081
10  10.9  0.0420417
10  11.1  0.0385117
10  11.3  0.0353583
10  11.5  0.0324606
10  11.7  0.0298744
10  11.9  0.0275273
12  0.1  1153.59
12  0.3  762.4
12  0.5  529.073
12  0.7  373.076
12  0.9  265.611
12  1.1  190.316
12  1.3  137.297
12  1.5  99.6166
12  1.7  72.7608
12  1.9  53.5366
12  2.1  39.7252
12  2.3  29.7557
12  2.5  22.5137
12  2.7  17.1914
12  2.9  13.2694
12  3.1  10.3416
12  3.3  8.13842
12  3.5  6.46385
12  3.7  5.17808
12  3.9  4.18213
12  4.1  3.40402
12  4.3  2.79211
12  4.5  2.30623
12  4.7  1.91698
12  4.9  1.60141
12  5.1  1.34759
12  5.3  1.13964
12  5.5  0.967971
12  5.7  0.827238
12  5.9  0.70962
12  6.1  0.611199
12  6.3  0.528684
12  6.5  0.459187
12  6.7  0.40041
12  6.9  0.35031
12  7.1  0.307447
12  7.3  0.270697
12  7.5  0.238885
12  7.7  0.211638
12  7.9  0.187859
12  8.1  0.167292
12  8.3  0.149279
12  8.5  0.133595
12  8.7  0.119708
12  8.9  0.107655
12  9.1  0.0969847
12  9.3  0.0875115
12  9.5  0.079086
12  9.7  0.0715138
12  9.9  0.0649436
12  10.1  0.0590918
12  10.3  0.0537914
12  10.5  0.0490811
12  10.7  0.0448287
12  10.9  0.0410791
12  11.1  0.0375938
12  11.3  0.0345179
12  11.5  0.031721
12  11.7  0.0291723
12  11.9  0.0269138
14  0.1  1133.12
14  0.3  748.352
14  0.5  519.162
14  0.7  365.904
14  0.9  260.301
14  1.1  186.376
14  1.3  134.264
14  1.5  97.315
14  1.7  71.0052
14  1.9  52.1993
14  2.1  38.7016
14  2.3  28.9755
14  2.5  21.8973
14  2.7  16.7234
14  2.9  12.9059
14  3.1  10.0583
14  3.3  7.91115
14  3.5  6.28337
14  3.7  5.03401
14  3.9  4.06428
14  4.1  3.30803
14  4.3  2.71272
14  4.5  2.24059
14  4.7  1.86066
14  4.9  1.55712
14  5.1  1.30889
14  5.3  1.10691
14  5.5  0.94041
14  5.7  0.803188
14  5.9  0.689261
14  6.1  0.593602
14  6.3  0.513194
14  6.5  0.445584
14  6.7  0.388872
14  6.9  0.340112
14  7.1  0.298445
14  7.3  0.262589
14  7.5  0.231992
14  7.7  0.205411
14  7.9  0.182246
14  8.1  0.162378
14  8.3  0.144938
14  8.5  0.129715
14  8.7  0.116338
14  8.9  0.104437
14  9.1  0.0940622
14  9.3  0.0849423
14  9.5  0.0767342
14  9.7  0.0694307
14  9.9  0.0630256
14  10.1  0.0573239
14  10.3  0.0522148
14  10.5  0.0476946
14  10.7  0.0435152
14  10.9  0.0398107
14  11.1  0.0365208
14  11.3  0.0334637
14  11.5  0.0307458
14  11.7  0.0282725
14  11.9  0.0260754
16  0.1  1107.83
16  0.3  731.754
16  0.5  507.054
16  0.7  357.152
16  0.9  253.774
16  1.1  181.486
16  1.3  130.564
16  1.5  94.5108
16  1.7  68.8774
16  1.9  50.5746
16  2.1  37.4676
16  2.3  28.0322
16  2.5  21.1688
16  2.7  16.1727
16  2.9  12.4728
16  3.1  9.71152
16  3.3  7.63909
16  3.5  6.06539
16  3.7  4.85749
16  3.9  3.92219
16  4.1  3.19153
16  4.3  2.61741
16  4.5  2.16153
16  4.7  1.7961
16  4.9  1.50057
16  5.1  1.26154
16  5.3  1.06732
16  5.5  0.907243
16  5.7  0.774743
16  5.9  0.664584
16  6.1  0.572258
16  6.3  0.49512
16  6.5  0.429921
16  6.7  0.37458
16  6.9  0.327655
16  7.1  0.287824
16  7.3  0.253337
16  7.5  0.223641
16  7.7  0.197834
16  7.9  0.17574
16  8.1  0.156466
16  8.3  0.13968
16  8.5  0.125015
16  8.7  0.112079
16  8.9  0.100716
16  9.1  0.0906834
16  9.3  0.0818566
16  9.5  0.0738729
16  9.7  0.0668979
16  9.9  0.060745
16  10.1  0.0552453
16  10.3  0.0503471
16  10.5  0.0459632
16  10.7  0.0419833
16  10.9  0.0383638
16  11.1  0.0351911
16  11.3  0.0322766
16  11.5  0.0296406
16  11.7  0.0272312
16  11.9  0.0251543
18  0.1  1076.57
18  0.3  711.017
18  0.5  492.419
18  0.7  346.449
18  0.9  245.717
18  1.1  175.55
18  1.3  126.09
18  1.5  91.0976
18  1.7  66.3159
18  1.9  48.6322
18  2.1  35.9983
18  2.3  26.9034
18  2.5  20.3015
18  2.7  15.492
18  2.9  11.9454
18  3.1  9.30143
18  3.3  7.31399
18  3.5  5.8066
18  3.7  4.64908
18  3.9  3.75328
18  4.1  3.05399
18  4.3  2.50383
18  4.5  2.06742
18  4.7  1.71803
18  4.9  1.43595
18  5.1  1.2064
18  5.3  1.01984
18  5.5  0.867024
18  5.7  0.740589
18  5.9  0.635242
18  6.1  0.547223
18  6.3  0.472889
18  6.5  0.410707
18  6.7  0.358234
18  6.9  0.313364
18  7.1  0.274815
18  7.3  0.242058
18  7.5  0.213698
18  7.7  0.189164
18  7.9  0.167958
18  8.1  0.149461
18  8.3  0.133491
18  8.5  0.119398
18  8.7  0.107058
18  8.9  0.096196
18  9.1  0.0866209
18  9.3  0.0781284
18  9.5  0.0706634
18  9.7  0.0639106
18  9.9  0.0580387
18  10.1  0.0527403
18  10.3  0.0480253
18  10.5  0.0438438
18  10.7  0.040039
18  10.9  0.0366705
18  11.1  0.0335767
18  11.3  0.030778
18  11.5  0.0283063
18  11.7  0.0260303
18  11.9  0.023957
20  0.1  1039.33
20  0.3  685.333
20  0.5  474.548
20  0.7  333.375
20  0.9  236.242
20  1.1  168.353
20  1.3  120.683
20  1.5  87.0345
20  1.7  63.2335
20  1.9  46.3007
20  2.1  34.2247
20  2.3  25.5538
20  2.5  19.2829
20  2.7  14.7023
20  2.9  11.3226
20  3.1  8.81205
20  3.3  6.92571
20  3.5  5.49824
20  3.7  4.40063
20  3.9  3.55242
20  4.1  2.88914
20  4.3  2.3688
20  4.5  1.95568
20  4.7  1.62477
20  4.9  1.35775
20  5.1  1.14053
20  5.3  0.964878
20  5.5  0.820029
20  5.7  0.699846
20  5.9  0.600266
20  6.1  0.51723
20  6.3  0.44715
20  6.5  0.388131
20  6.7  0.338154
20  6.9  0.295919
20  7.1  0.259798
20  7.3  0.228626
20  7.5  0.201736
20  7.7  0.178548
20  7.9  0.158627
20  8.1  0.141192
20  8.3  0.126008
20  8.5  0.112737
20  8.7  0.101062
20  8.9  0.0908652
20  9.1  0.0817241
20  9.3  0.0737614
20  9.5  0.0667005
20  9.7  0.060332
20  9.9  0.0547981
20  10.1  0.0498442
20  10.3  0.045337
20  10.5  0.0414172
20  10.7  0.0377791
20  10.9  0.034609
20  11.1  0.031666
20  11.3  0.0290873
20  11.5  0.0267115
20  11.7  0.0245335
20  11.9  0.0226444
22  0.1  995.545
22  0.3  656.453
22  0.5  453.604
22  0.7  318.771
22  0.9  225.603
22  1.1  160.663
22  1.3  115.139
22  1.5  83.0307
22  1.7  60.3695
22  1.9  44.3818
22  2.1  32.5308
22  2.3  24.0773
22  2.5  18.0286
22  2.7  13.7436
22  2.9  10.5765
22  3.1  8.23034
22  3.3  6.46293
22  3.5  5.12883
22  3.7  4.10431
22  3.9  3.31167
22  4.1  2.69301
22  4.3  2.20742
22  4.5  1.8219
22  4.7  1.51344
22  4.9  1.26481
22  5.1  1.06194
22  5.3  0.898255
22  5.5  0.763249
22  5.7  0.651134
22  5.9  0.55879
22  6.1  0.48092
22  6.3  0.415988
22  6.5  0.360939
22  6.7  0.314675
22  6.9  0.275175
22  7.1  0.241621
22  7.3  0.212679
22  7.5  0.187709
22  7.7  0.166187
22  7.9  0.147477
22  8.1  0.131304
22  8.3  0.117077
22  8.5  0.104763
22  8.7  0.0939938
22  8.9  0.0844597
22  9.1  0.0759648
22  9.3  0.0685617
22  9.5  0.0619334
22  9.7  0.0561236
22  9.9  0.0508801
22  10.1  0.0463228
22  10.3  0.0421306
22  10.5  0.0384249
22  10.7  0.0351544
22  10.9  0.0321551
22  11.1  0.0294633
22  11.3  0.0270231
22  11.5  0.0248235
22  11.7  0.0228099
22  11.9  0.0210309
24  0.1  934.305
24  0.3  615.283
24  0.5  424.835
24  0.7  297.281
24  0.9  209.769
24  1.1  148.698
24  1.3  105.979
24  1.5  75.9743
24  1.7  54.952
24  1.9  40.0792
24  2.1  29.5258
24  2.3  21.9757
24  2.5  16.536
24  2.7  12.59
24  2.9  9.6813
24  3.1  7.52803
24  3.3  5.90966
24  3.5  4.68599
24  3.7  3.74831
24  3.9  3.02336
24  4.1  2.45791
24  4.3  2.01398
24  4.5  1.66185
24  4.7  1.38003
24  4.9  1.15221
24  5.1  0.968615
24  5.3  0.818366
24  5.5  0.695063
24  5.7  0.593678
24  5.9  0.508996
24  6.1  0.438237
24  6.3  0.378772
24  6.5  0.328878
24  6.7  0.286603
24  6.9  0.250608
24  7.1  0.219928
24  7.3  0.193415
24  7.5  0.170812
24  7.7  0.151066
24  7.9  0.13418
24  8.1  0.119346
24  8.3  0.106552
24  8.5  0.0953171
24  8.7  0.0854898
24  8.9  0.076767
24  9.1  0.0690745
24  9.3  0.0623774
24  9.5  0.0563035
24  9.7  0.0510044
24  9.9  0.0463065
24  10.1  0.0420781
24  10.3  0.0382954
24  10.5  0.034912
24  10.7  0.0319046
24  10.9  0.0291774
24  11.1  0.0267376
24  11.3  0.0245076
24  11.5  0.0225442
24  11.7  0.0207011
24  11.9  0.0190911
26  0.1  860.256
26  0.3  566.006
26  0.5  390.112
26  0.7  272.384
26  0.9  191.32
26  1.1  135.105
26  1.3  95.9018
26  1.5  68.5652
26  1.7  49.3871
26  1.9  35.9128
26  2.1  26.3889
26  2.3  19.6035
26  2.5  14.7262
26  2.7  11.1918
26  2.9  8.60093
26  3.1  6.68235
26  3.3  5.24245
26  3.5  4.15305
26  3.7  3.32042
26  3.9  2.67702
26  4.1  2.17517
26  4.3  1.78169
26  4.5  1.46966
26  4.7  1.21999
26  4.9  1.01832
26  5.1  0.855999
26  5.3  0.722723
26  5.5  0.614118
26  5.7  0.524178
26  5.9  0.449284
26  6.1  0.386728
26  6.3  0.334105
26  6.5  0.290098
26  6.7  0.252801
26  6.9  0.220909
26  7.1  0.193901
26  7.3  0.170594
26  7.5  0.150561
26  7.7  0.133091
26  7.9  0.118093
26  8.1  0.105165
26  8.3  0.0939318
26  8.5  0.0839504
26  8.7  0.0752887
26  8.9  0.0676555
26  9.1  0.0608428
26  9.3  0.0549132
26  9.5  0.049616
26  9.7  0.0448888
26  9.9  0.0407488
26  10.1  0.0370607
26  10.3  0.0336969
26  10.5  0.0307802
26  10.7  0.028091
26  10.9  0.0256772
26  11.1  0.0235525
26  11.3  0.0215656
26  11.5  0.0198374
26  11.7  0.0182409
26  11.9  0.0168059
28  0.1  767.164
28  0.3  503.538
28  0.5  346.344
28  0.7  240.857
28  0.9  168.409
28  1.1  118.291
28  1.3  83.5597
28  1.5  59.3959
28  1.7  42.6251
28  1.9  30.8561
28  2.1  22.6134
28  2.3  16.7599
28  2.5  12.5619
28  2.7  9.53048
28  2.9  7.31311
28  3.1  5.67528
28  3.3  4.44702
28  3.5  3.52066
28  3.7  2.81229
28  3.9  2.2657
28  4.1  1.83971
28  4.3  1.50612
28  4.5  1.24158
28  4.7  1.03037
28  4.9  0.860117
28  5.1  0.722201
28  5.3  0.609811
28  5.5  0.517839
28  5.7  0.441611
28  5.9  0.378615
28  6.1  0.325813
28  6.3  0.281462
28  6.5  0.244271
28  6.7  0.212734
28  6.9  0.186012
28  7.1  0.163034
28  7.3  0.143523
28  7.5  0.126517
28  7.7  0.111878
28  7.9  0.0993181
28  8.1  0.0883589
28  8.3  0.0789377
28  8.5  0.0705693
28  8.7  0.0632493
28  8.9  0.0568186
28  9.1  0.0511338
28  9.3  0.0460702
28  9.5  0.0416209
28  9.7  0.0376616
28  9.9  0.0342124
28  10.1  0.0310748
28  10.3  0.0283409
28  10.5  0.0258398
28  10.7  0.0235843
28  10.9  0.0215703
28  11.1  0.019713
28  11.3  0.0180859
28  11.5  0.0166318
28  11.7  0.0152851
28  11.9  0.0140515
30  0.1  650.585
30  0.3  426.167
30  0.5  292.405
30  0.7  202.314
30  0.9  140.686
30  1.1  98.0837
30  1.3  68.8043
30  1.5  48.6038
30  1.7  34.6568
30  1.9  24.9886
30  2.1  18.2274
30  2.3  13.4697
30  2.5  10.0689
30  2.7  7.62297
30  2.9  5.83827
30  3.1  4.52364
30  3.3  3.5402
30  3.5  2.79892
30  3.7  2.23307
30  3.9  1.79751
30  4.1  1.45797
30  4.3  1.19279
30  4.5  0.982802
30  4.7  0.81473
30  4.9  0.679551
30  5.1  0.570288
30  5.3  0.481381
30  5.5  0.40848
30  5.7  0.348407
30  5.9  0.298458
30  6.1  0.256732
30  6.3  0.221727
30  6.5  0.192242
30  6.7  0.16744
30  6.9  0.146365
30  7.1  0.128192
30  7.3  0.112763
30  7.5  0.0995073
30  7.7  0.0879295
30  7.9  0.0780055
30  8.1  0.0693854
30  8.3  0.0619236
30  8.5  0.0553405
30  8.7  0.0496137
30  8.9  0.044558
30  9.1  0.0400676
30  9.3  0.0361519
30  9.5  0.0326539
30  9.7  0.0295421
30  9.9  0.0268097
30  10.1  0.0243723
30  10.3  0.0221643
30  10.5  0.0201937
30  10.7  0.0184636
30  10.9  0.0168871
30  11.1  0.0154557
30  11.3  0.0141753
30  11.5  0.0130066
30  11.7  0.0119631
30  11.9  0.0110219
32  0.1  516.22
32  0.3  337.301
32  0.5  230.448
32  0.7  158.448
32  0.9  109.252
32  1.1  75.5513
32  1.3  52.5241
32  1.5  36.8074
32  1.7  26.0802
32  1.9  18.6921
32  2.1  13.5792
32  2.3  9.98805
32  2.5  7.44341
32  2.7  5.617
32  2.9  4.29044
32  3.1  3.31663
32  3.3  2.5897
32  3.5  2.04421
32  3.7  1.62932
32  3.9  1.30943
32  4.1  1.06078
32  4.3  0.866271
32  4.5  0.712462
32  4.7  0.591053
32  4.9  0.492474
32  5.1  0.412972
32  5.3  0.348121
32  5.5  0.295375
32  5.7  0.251835
32  5.9  0.215683
32  6.1  0.185362
32  6.3  0.160185
32  6.5  0.138863
32  6.7  0.121205
32  6.9  0.105898
32  7.1  0.0928195
32  7.3  0.0816627
32  7.5  0.0720756
32  7.7  0.0637424
32  7.9  0.0565221
32  8.1  0.0502513
32  8.3  0.0447844
32  8.5  0.0400049
32  8.7  0.0358684
32  8.9  0.0321953
32  9.1  0.0289029
32  9.3  0.0260735
32  9.5  0.0235057
32  9.7  0.0212702
32  9.9  0.0192465
32  10.1  0.0175074
32  10.3  0.0159117
32  10.5  0.014487
32  10.7  0.0132011
32  10.9  0.0120738
32  11.1  0.0110366
32  11.3  0.0101271
32  11.5  0.00929264
32  11.7  0.00855297
32  11.9  0.00786463
