# fragmentation : LHAPDF (data/prompt-D0-1-109/prompt-D0-1-109_0000.dat, member 0, Q=1.5)
# channel       : An0n
#   dipole file dir       : data/Pb/mve/glauber_mve_<b>
#   pD0 loop             : 0.1 to 12.0 GeV, step 0.2
#   fixed rapidity y      : -2.0
# ============================================================
# b  pD0  dsigma_dy
0  0.1  701.464
0  0.3  547.471
0  0.5  420.73
0  0.7  316.548
0  0.9  234.664
0  1.1  172.469
0  1.3  126.097
0  1.5  92.0085
0  1.7  67.2573
0  1.9  49.4147
0  2.1  36.5522
0  2.3  27.249
0  2.5  20.5096
0  2.7  15.5819
0  2.9  11.9577
0  3.1  9.27075
0  3.3  7.25713
0  3.5  5.73607
0  3.7  4.57058
0  3.9  3.67813
0  4.1  2.98257
0  4.3  2.43601
0  4.5  2.00411
0  4.7  1.65967
0  4.9  1.38384
0  5.1  1.16045
0  5.3  0.978564
0  5.5  0.829403
0  5.7  0.706573
0  5.9  0.604852
0  6.1  0.520227
0  6.3  0.449183
0  6.5  0.389381
0  6.7  0.33876
0  6.9  0.295856
0  7.1  0.259046
0  7.3  0.23179
0  7.5  0.208068
0  7.7  0.187195
0  7.9  0.168987
0  8.1  0.152871
0  8.3  0.138599
0  8.5  0.125971
0  8.7  0.114842
0  8.9  0.104777
0  9.1  0.0958401
0  9.3  0.0878278
0  9.5  0.0806426
0  9.7  0.0742058
0  9.9  0.0683437
0  10.1  0.0629966
0  10.3  0.0582187
0  10.5  0.0539352
0  10.7  0.0499983
0  10.9  0.0463941
0  11.1  0.0430714
0  11.3  0.0400825
0  11.5  0.0373483
0  11.7  0.0348405
0  11.9  0.0325707
2  0.1  700.544
2  0.3  546.55
2  0.5  420.243
2  0.7  316.146
2  0.9  234.352
2  1.1  172.226
2  1.3  125.908
2  1.5  91.8739
2  1.7  67.1436
2  1.9  49.3431
2  2.1  36.4885
2  2.3  27.2023
2  2.5  20.4659
2  2.7  15.5533
2  2.9  11.9356
2  3.1  9.2533
2  3.3  7.24342
2  3.5  5.72526
2  3.7  4.56188
2  3.9  3.67101
2  4.1  2.97666
2  4.3  2.43149
2  4.5  2.0003
2  4.7  1.65649
2  4.9  1.38119
2  5.1  1.15823
2  5.3  0.976623
2  5.5  0.827804
2  5.7  0.705232
2  5.9  0.603671
2  6.1  0.519219
2  6.3  0.448314
2  6.5  0.388629
2  6.7  0.338105
2  6.9  0.295285
2  7.1  0.258544
2  7.3  0.231406
2  7.5  0.207668
2  7.7  0.186899
2  7.9  0.168657
2  8.1  0.152569
2  8.3  0.138332
2  8.5  0.125731
2  8.7  0.114626
2  8.9  0.104577
2  9.1  0.0956603
2  9.3  0.0876631
2  9.5  0.0804863
2  9.7  0.0740592
2  9.9  0.0682129
2  10.1  0.0628792
2  10.3  0.0581055
2  10.5  0.0538311
2  10.7  0.0498978
2  10.9  0.0463086
2  11.1  0.0429893
2  11.3  0.0400055
2  11.5  0.0372811
2  11.7  0.0347548
2  11.9  0.032508
4  0.1  697.909
4  0.3  544.652
4  0.5  418.785
4  0.7  314.979
4  0.9  233.422
4  1.1  171.496
4  1.3  125.339
4  1.5  91.4428
4  1.7  66.8184
4  1.9  49.0748
4  2.1  36.2892
4  2.3  27.0594
4  2.5  20.3546
4  2.7  15.465
4  2.9  11.8686
4  3.1  9.20072
4  3.3  7.20232
4  3.5  5.69064
4  3.7  4.53597
4  3.9  3.64987
4  4.1  2.95949
4  4.3  2.41606
4  4.5  1.98877
4  4.7  1.64692
4  4.9  1.37318
4  5.1  1.15149
4  5.3  0.971017
4  5.5  0.823096
4  5.7  0.70106
4  5.9  0.600163
4  6.1  0.516183
4  6.3  0.44568
4  6.5  0.386343
4  6.7  0.33614
4  6.9  0.293566
4  7.1  0.257033
4  7.3  0.229997
4  7.5  0.206452
4  7.7  0.185741
4  7.9  0.167646
4  8.1  0.151684
4  8.3  0.137525
4  8.5  0.125001
4  8.7  0.113842
4  8.9  0.103962
4  9.1  0.0950933
4  9.3  0.0871549
4  9.5  0.0800478
4  9.7  0.0736239
4  9.9  0.067813
4  10.1  0.0625154
4  10.3  0.0577646
4  10.5  0.0535251
4  10.7  0.0496044
4  10.9  0.0460401
4  11.1  0.0427412
4  11.3  0.0397731
4  11.5  0.0370596
4  11.7  0.0345528
4  11.9  0.0322654
6  0.1  693.745
6  0.3  541.538
6  0.5  416.073
6  0.7  312.909
6  0.9  231.922
6  1.1  170.251
6  1.3  124.377
6  1.5  90.6558
6  1.7  66.2581
6  1.9  48.6715
6  2.1  35.971
6  2.3  26.804
6  2.5  20.1678
6  2.7  15.3206
6  2.9  11.7558
6  3.1  9.11249
6  3.3  7.13524
6  3.5  5.63815
6  3.7  4.49194
6  3.9  3.61367
6  4.1  2.92917
6  4.3  2.39387
6  4.5  1.96895
6  4.7  1.63087
6  4.9  1.35973
6  5.1  1.14016
6  5.3  0.961567
6  5.5  0.814969
6  5.7  0.694192
6  5.9  0.594298
6  6.1  0.511083
6  6.3  0.441337
6  6.5  0.382566
6  6.7  0.33283
6  6.9  0.290703
6  7.1  0.254671
6  7.3  0.227729
6  7.5  0.204487
6  7.7  0.183951
6  7.9  0.166011
6  8.1  0.150199
6  8.3  0.136165
6  8.5  0.123848
6  8.7  0.112731
6  8.9  0.102932
6  9.1  0.0941193
6  9.3  0.0862975
6  9.5  0.0792349
6  9.7  0.0728985
6  9.9  0.0671503
6  10.1  0.0619
6  10.3  0.0571935
6  10.5  0.0529415
6  10.7  0.049121
6  10.9  0.0455879
6  11.1  0.0423137
6  11.3  0.0393795
6  11.5  0.0366925
6  11.7  0.0342095
6  11.9  0.0319996
8  0.1  687.682
8  0.3  536.617
8  0.5  412.445
8  0.7  310.075
8  0.9  229.675
8  1.1  168.45
8  1.3  123.009
8  1.5  89.663
8  1.7  65.4626
8  1.9  48.0708
8  2.1  35.5
8  2.3  26.4605
8  2.5  19.8965
8  2.7  15.1149
8  2.9  11.599
8  3.1  8.98855
8  3.3  7.03681
8  3.5  5.5569
8  3.7  4.42958
8  3.9  3.56413
8  4.1  2.88805
8  4.3  2.36044
8  4.5  1.94137
8  4.7  1.60797
8  4.9  1.34081
8  5.1  1.12436
8  5.3  0.948027
8  5.5  0.803527
8  5.7  0.684315
8  5.9  0.585863
8  6.1  0.503768
8  6.3  0.434998
8  6.5  0.377205
8  6.7  0.328141
8  6.9  0.286445
8  7.1  0.25088
8  7.3  0.224515
8  7.5  0.20149
8  7.7  0.181378
8  7.9  0.163693
8  8.1  0.148094
8  8.3  0.134257
8  8.5  0.122023
8  8.7  0.111261
8  8.9  0.101504
8  9.1  0.0927996
8  9.3  0.0850957
8  9.5  0.0781422
8  9.7  0.0718847
8  9.9  0.066209
8  10.1  0.0610332
8  10.3  0.0563941
8  10.5  0.0522628
8  10.7  0.0484331
8  10.9  0.0449484
8  11.1  0.0417751
8  11.3  0.0388277
8  11.5  0.0361776
8  11.7  0.0338045
8  11.9  0.031559
10  0.1  679.554
10  0.3  530.466
10  0.5  407.581
10  0.7  306.296
10  0.9  226.684
10  1.1  166.279
10  1.3  121.223
10  1.5  88.2581
10  1.7  64.4141
10  1.9  47.27
10  2.1  34.9068
10  2.3  25.999
10  2.5  19.5505
10  2.7  14.8439
10  2.9  11.3905
10  3.1  8.82781
10  3.3  6.90606
10  3.5  5.45503
10  3.7  4.34767
10  3.9  3.49682
10  4.1  2.83478
10  4.3  2.31638
10  4.5  1.90537
10  4.7  1.57793
10  4.9  1.31552
10  5.1  1.10339
10  5.3  0.93048
10  5.5  0.788592
10  5.7  0.671624
10  5.9  0.575118
10  6.1  0.494427
10  6.3  0.42699
10  6.5  0.370103
10  6.7  0.321972
10  6.9  0.281165
10  7.1  0.246218
10  7.3  0.220374
10  7.5  0.197766
10  7.7  0.177925
10  7.9  0.160608
10  8.1  0.145267
10  8.3  0.131746
10  8.5  0.119821
10  8.7  0.109173
10  8.9  0.0996676
10  9.1  0.0910698
10  9.3  0.0835101
10  9.5  0.0766257
10  9.7  0.0705424
10  9.9  0.0649816
10  10.1  0.0598979
10  10.3  0.0553522
10  10.5  0.0512909
10  10.7  0.0475361
10  10.9  0.0441222
10  11.1  0.0409511
10  11.3  0.0381091
10  11.5  0.0355492
10  11.7  0.033175
10  11.9  0.0309651
12  0.1  669.838
12  0.3  522.433
12  0.5  401.43
12  0.7  301.434
12  0.9  222.929
12  1.1  163.348
12  1.3  118.981
12  1.5  86.5722
12  1.7  63.0983
12  1.9  46.2597
12  2.1  34.1475
12  2.3  25.413
12  2.5  19.1082
12  2.7  14.5045
12  2.9  11.1261
12  3.1  8.61992
12  3.3  6.74449
12  3.5  5.32753
12  3.7  4.24581
12  3.9  3.41476
12  4.1  2.76899
12  4.3  2.26158
12  4.5  1.8601
12  4.7  1.5397
12  4.9  1.28429
12  5.1  1.07665
12  5.3  0.908207
12  5.5  0.769754
12  5.7  0.655362
12  5.9  0.561355
12  6.1  0.482675
12  6.3  0.416767
12  6.5  0.361196
12  6.7  0.314257
12  6.9  0.274431
12  7.1  0.24038
12  7.3  0.215153
12  7.5  0.193095
12  7.7  0.17371
12  7.9  0.156817
12  8.1  0.141836
12  8.3  0.128638
12  8.5  0.116965
12  8.7  0.106507
12  8.9  0.0973366
12  9.1  0.0889202
12  9.3  0.0814942
12  9.5  0.0748991
12  9.7  0.0688893
12  9.9  0.0634615
12  10.1  0.0585545
12  10.3  0.0540525
12  10.5  0.050038
12  10.7  0.046409
12  10.9  0.0430959
12  11.1  0.0399883
12  11.3  0.037217
12  11.5  0.0346805
12  11.7  0.0323785
12  11.9  0.0302509
14  0.1  656.841
14  0.3  512.526
14  0.5  393.612
14  0.7  295.458
14  0.9  218.263
14  1.1  159.702
14  1.3  116.184
14  1.5  84.4676
14  1.7  61.4943
14  1.9  45.0332
14  2.1  33.2148
14  2.3  24.7143
14  2.5  18.5623
14  2.7  14.0887
14  2.9  10.8027
14  3.1  8.36868
14  3.3  6.54866
14  3.5  5.17404
14  3.7  4.12126
14  3.9  3.31559
14  4.1  2.68811
14  4.3  2.19419
14  4.5  1.8042
14  4.7  1.49503
14  4.9  1.2453
14  5.1  1.04485
14  5.3  0.880755
14  5.5  0.746859
14  5.7  0.635894
14  5.9  0.544578
14  6.1  0.468356
14  6.3  0.404342
14  6.5  0.350478
14  6.7  0.304927
14  6.9  0.266267
14  7.1  0.233233
14  7.3  0.208685
14  7.5  0.187221
14  7.7  0.168534
14  7.9  0.152099
14  8.1  0.13762
14  8.3  0.124783
14  8.5  0.113423
14  8.7  0.10334
14  8.9  0.0944086
14  9.1  0.0863705
14  9.3  0.0790531
14  9.5  0.0726543
14  9.7  0.0667537
14  9.9  0.0614862
14  10.1  0.0568024
14  10.3  0.0524357
14  10.5  0.0485877
14  10.7  0.0449999
14  10.9  0.0417968
14  11.1  0.0387908
14  11.3  0.0361435
14  11.5  0.0336821
14  11.7  0.0314126
14  11.9  0.0292969
16  0.1  641.429
16  0.3  500.285
16  0.5  384.299
16  0.7  288.226
16  0.9  212.609
16  1.1  155.365
16  1.3  112.815
16  1.5  81.8944
16  1.7  59.5423
16  1.9  43.5533
16  2.1  32.0873
16  2.3  23.8647
16  2.5  17.9147
16  2.7  13.5908
16  2.9  10.4179
16  3.1  8.07004
16  3.3  6.31195
16  3.5  4.98585
16  3.7  3.97137
16  3.9  3.19331
16  4.1  2.58833
16  4.3  2.11402
16  4.5  1.73892
16  4.7  1.44015
16  4.9  1.20035
16  5.1  1.00636
16  5.3  0.848785
16  5.5  0.719312
16  5.7  0.612692
16  5.9  0.524453
16  6.1  0.450932
16  6.3  0.389422
16  6.5  0.337519
16  6.7  0.293634
16  6.9  0.256364
16  7.1  0.224512
16  7.3  0.200898
16  7.5  0.180441
16  7.7  0.16231
16  7.9  0.146536
16  8.1  0.132541
16  8.3  0.120263
16  8.5  0.109295
16  8.7  0.0995319
16  8.9  0.090964
16  9.1  0.0832011
16  9.3  0.0762351
16  9.5  0.0699296
16  9.7  0.0643126
16  9.9  0.0592464
16  10.1  0.054702
16  10.3  0.0505213
16  10.5  0.0468088
16  10.7  0.043395
16  10.9  0.0402207
16  11.1  0.0373815
16  11.3  0.0347874
16  11.5  0.0324466
16  11.7  0.0302632
16  11.9  0.0282809
18  0.1  622.829
18  0.3  485.603
18  0.5  372.814
18  0.7  279.393
18  0.9  205.732
18  1.1  150.064
18  1.3  108.782
18  1.5  78.8023
18  1.7  57.2112
18  1.9  41.7855
18  2.1  30.7528
18  2.3  22.8448
18  2.5  17.1425
18  2.7  13
18  2.9  9.96134
18  3.1  7.71129
18  3.3  6.0312
18  3.5  4.76197
18  3.7  3.79563
18  3.9  3.04993
18  4.1  2.47244
18  4.3  2.01845
18  4.5  1.66043
18  4.7  1.37416
18  4.9  1.14633
18  5.1  0.961066
18  5.3  0.810362
18  5.5  0.686674
18  5.7  0.584863
18  5.9  0.500622
18  6.1  0.430447
18  6.3  0.37169
18  6.5  0.322152
18  6.7  0.280246
18  6.9  0.24467
18  7.1  0.21415
18  7.3  0.19169
18  7.5  0.17205
18  7.7  0.15487
18  7.9  0.139765
18  8.1  0.126447
18  8.3  0.114683
18  8.5  0.104243
18  8.7  0.0949509
18  8.9  0.0867196
18  9.1  0.0793829
18  9.3  0.0727282
18  9.5  0.0667778
18  9.7  0.0613473
18  9.9  0.0565131
18  10.1  0.0521481
18  10.3  0.0481917
18  10.5  0.044656
18  10.7  0.0413936
18  10.9  0.038415
18  11.1  0.0357063
18  11.3  0.0331768
18  11.5  0.030952
18  11.7  0.0288715
18  11.9  0.0269152
20  0.1  599.976
20  0.3  467.823
20  0.5  358.956
20  0.7  268.363
20  0.9  197.376
20  1.1  143.611
20  1.3  103.856
20  1.5  75.0793
20  1.7  54.4068
20  1.9  39.6759
20  2.1  29.1657
20  2.3  21.6358
20  2.5  16.2209
20  2.7  12.2908
20  2.9  9.41659
20  3.1  7.28765
20  3.3  5.70054
20  3.5  4.49915
20  3.7  3.58283
20  3.9  2.87955
20  4.1  2.33425
20  4.3  1.90606
20  4.5  1.56732
20  4.7  1.29741
20  4.9  1.08174
20  5.1  0.907028
20  5.3  0.764531
20  5.5  0.647897
20  5.7  0.551828
20  5.9  0.472187
20  6.1  0.406091
20  6.3  0.350603
20  6.5  0.303828
20  6.7  0.264396
20  6.9  0.230721
20  7.1  0.202235
20  7.3  0.181034
20  7.5  0.162397
20  7.7  0.146192
20  7.9  0.13198
20  8.1  0.119377
20  8.3  0.108271
20  8.5  0.0984609
20  8.7  0.0896834
20  8.9  0.0818979
20  9.1  0.074868
20  9.3  0.0686923
20  9.5  0.0630753
20  9.7  0.0580134
20  9.9  0.0534538
20  10.1  0.0492649
20  10.3  0.0455218
20  10.5  0.0421973
20  10.7  0.0390579
20  10.9  0.0363058
20  11.1  0.0336986
20  11.3  0.0313857
20  11.5  0.0292254
20  11.7  0.0272854
20  11.9  0.0254415
22  0.1  576.6
22  0.3  449.184
22  0.5  343.498
22  0.7  256.024
22  0.9  187.259
22  1.1  135.804
22  1.3  97.9031
22  1.5  70.5897
22  1.7  51.0249
22  1.9  37.1248
22  2.1  27.2547
22  2.3  20.1935
22  2.5  15.1243
22  2.7  11.4541
22  2.9  8.76568
22  3.1  6.78269
22  3.3  5.30005
22  3.5  4.18393
22  3.7  3.33205
22  3.9  2.67819
22  4.1  2.17062
22  4.3  1.77176
22  4.5  1.45644
22  4.7  1.20528
22  4.9  1.005
22  5.1  0.842693
22  5.3  0.710235
22  5.5  0.601757
22  5.7  0.512404
22  5.9  0.43851
22  6.1  0.377001
22  6.3  0.325558
22  6.5  0.282206
22  6.7  0.245442
22  6.9  0.214226
22  7.1  0.187703
22  7.3  0.167945
22  7.5  0.150749
22  7.7  0.135721
22  7.9  0.12252
22  8.1  0.110833
22  8.3  0.100525
22  8.5  0.0913818
22  8.7  0.0832922
22  8.9  0.0760941
22  9.1  0.0696034
22  9.3  0.0637858
22  9.5  0.0585729
22  9.7  0.0538756
22  9.9  0.0495765
22  10.1  0.0457525
22  10.3  0.0423207
22  10.5  0.0391809
22  10.7  0.0363187
22  10.9  0.033722
22  11.1  0.0312968
22  11.3  0.029157
22  11.5  0.0271637
22  11.7  0.0253383
22  11.9  0.0236651
24  0.1  536.429
24  0.3  418.209
24  0.5  320.381
24  0.7  238.751
24  0.9  174.503
24  1.1  126.073
24  1.3  90.6362
24  1.5  65.1111
24  1.7  46.9156
24  1.9  34.0551
24  2.1  24.9412
24  2.3  18.4517
24  2.5  13.81
24  2.7  10.4468
24  2.9  7.98764
24  3.1  6.1757
24  3.3  4.82499
24  3.5  3.80796
24  3.7  3.02994
24  3.9  2.43638
24  4.1  1.97339
24  4.3  1.61081
24  4.5  1.324
24  4.7  1.09592
24  4.9  0.913413
24  5.1  0.765394
24  5.3  0.64531
24  5.5  0.546711
24  5.7  0.465384
24  5.9  0.398326
24  6.1  0.34253
24  6.3  0.295682
24  6.5  0.256218
24  6.7  0.222815
24  6.9  0.194449
24  7.1  0.17026
24  7.3  0.152451
24  7.5  0.136809
24  7.7  0.123178
24  7.9  0.111177
24  8.1  0.100611
24  8.3  0.0912285
24  8.5  0.0829329
24  8.7  0.0755473
24  8.9  0.0690396
24  9.1  0.0631175
24  9.3  0.0578813
24  9.5  0.0531446
24  9.7  0.0488787
24  9.9  0.0450289
24  10.1  0.0415524
24  10.3  0.0383614
24  10.5  0.035548
24  10.7  0.032948
24  10.9  0.0305433
24  11.1  0.0284131
24  11.3  0.0264395
24  11.5  0.0246315
24  11.7  0.0229936
24  11.9  0.0214621
26  0.1  491.849
26  0.3  383.215
26  0.5  293.396
26  0.7  218.025
26  0.9  158.73
26  1.1  114.094
26  1.3  81.5934
26  1.5  58.3685
26  1.7  41.9026
26  1.9  30.3326
26  2.1  22.161
26  2.3  16.3613
26  2.5  12.2245
26  2.7  9.23932
26  2.9  7.05544
26  3.1  5.4544
26  3.3  4.26004
26  3.5  3.358
26  3.7  2.67268
26  3.9  2.14688
26  4.1  1.73843
26  4.3  1.41853
26  4.5  1.16547
26  4.7  0.964359
26  4.9  0.803689
26  5.1  0.673518
26  5.3  0.567656
26  5.5  0.480898
26  5.7  0.409221
26  5.9  0.35028
26  6.1  0.301161
26  6.3  0.259945
26  6.5  0.22524
26  6.7  0.19584
26  6.9  0.170918
26  7.1  0.149639
26  7.3  0.133961
26  7.5  0.120268
26  7.7  0.108279
26  7.9  0.0977282
26  8.1  0.088418
26  8.3  0.0801995
26  8.5  0.0729081
26  8.7  0.0664966
26  8.9  0.0606448
26  9.1  0.0554766
26  9.3  0.0509066
26  9.5  0.0467236
26  9.7  0.0429327
26  9.9  0.0395541
26  10.1  0.0365437
26  10.3  0.0337708
26  10.5  0.0312589
26  10.7  0.0289748
26  10.9  0.0268556
26  11.1  0.0249689
26  11.3  0.0232335
26  11.5  0.0216714
26  11.7  0.0202155
26  11.9  0.0188821
28  0.1  435.606
28  0.3  339.521
28  0.5  259.238
28  0.7  191.995
28  0.9  138.972
28  1.1  99.3052
28  1.3  70.5539
28  1.5  50.1827
28  1.7  35.8573
28  1.9  25.8639
28  2.1  18.8368
28  2.3  13.8751
28  2.5  10.3484
28  2.7  7.8074
28  2.9  5.95626
28  3.1  4.59941
28  3.3  3.58736
28  3.5  2.82584
28  3.7  2.24803
28  3.9  1.80545
28  4.1  1.46083
28  4.3  1.1918
28  4.5  0.97897
28  4.7  0.809741
28  4.9  0.674754
28  5.1  0.565211
28  5.3  0.476189
28  5.5  0.403303
28  5.7  0.343151
28  5.9  0.293662
28  6.1  0.252393
28  6.3  0.217834
28  6.5  0.188803
28  6.7  0.164068
28  6.9  0.143145
28  7.1  0.125269
28  7.3  0.112185
28  7.5  0.100676
28  7.7  0.0906577
28  7.9  0.0818175
28  8.1  0.0740466
28  8.3  0.0671956
28  8.5  0.0611034
28  8.7  0.0556214
28  8.9  0.0508121
28  9.1  0.0464858
28  9.3  0.0426056
28  9.5  0.0391469
28  9.7  0.0359527
28  9.9  0.0331159
28  10.1  0.0305674
28  10.3  0.0282496
28  10.5  0.0261765
28  10.7  0.0242672
28  10.9  0.0224954
28  11.1  0.0209064
28  11.3  0.0194497
28  11.5  0.0181443
28  11.7  0.0169294
28  11.9  0.015813
30  0.1  366.312
30  0.3  285.372
30  0.5  217.596
30  0.7  160.265
30  0.9  115.101
30  1.1  81.5741
30  1.3  57.5054
30  1.5  40.5978
30  1.7  28.8577
30  1.9  20.7095
30  2.1  15.0268
30  2.3  11.038
30  2.5  8.21018
30  2.7  6.18038
30  2.9  4.70788
30  3.1  3.62951
30  3.3  2.82895
30  3.5  2.22568
30  3.7  1.76853
30  3.9  1.41981
30  4.1  1.14848
30  4.3  0.936022
30  4.5  0.768521
30  4.7  0.635456
30  4.9  0.529091
30  5.1  0.443098
30  5.3  0.373158
30  5.5  0.315937
30  5.7  0.268642
30  5.9  0.229915
30  6.1  0.197539
30  6.3  0.170414
30  6.5  0.147574
30  6.7  0.128325
30  6.9  0.111921
30  7.1  0.0979337
30  7.3  0.087713
30  7.5  0.078728
30  7.7  0.070888
30  7.9  0.0639968
30  8.1  0.0579147
30  8.3  0.0525579
30  8.5  0.047774
30  8.7  0.0435252
30  8.9  0.0397553
30  9.1  0.0364038
30  9.3  0.0333648
30  9.5  0.030594
30  9.7  0.0281632
30  9.9  0.0259652
30  10.1  0.0239544
30  10.3  0.0221523
30  10.5  0.0204825
30  10.7  0.0190086
30  10.9  0.0176217
30  11.1  0.016398
30  11.3  0.0152613
30  11.5  0.0142186
30  11.7  0.0132634
30  11.9  0.012391
32  0.1  287.037
32  0.3  223.517
32  0.5  170.049
32  0.7  124.254
32  0.9  88.4133
32  1.1  61.9854
32  1.3  43.2794
32  1.5  30.3072
32  1.7  21.3943
32  1.9  15.268
32  2.1  11.027
32  2.3  8.0671
32  2.5  5.98355
32  2.7  4.49255
32  2.9  3.41314
32  3.1  2.62827
32  3.3  2.04515
32  3.5  1.60832
32  3.7  1.27715
32  3.9  1.02426
32  4.1  0.829183
32  4.3  0.676121
32  4.5  0.555856
32  4.7  0.460052
32  4.9  0.383076
32  5.1  0.320721
32  5.3  0.269941
32  5.5  0.228431
32  5.7  0.194263
32  5.9  0.165718
32  6.1  0.141743
32  6.3  0.121894
32  6.5  0.105414
32  6.7  0.0915866
32  6.9  0.0799031
32  7.1  0.0699062
32  7.3  0.0626057
32  7.5  0.0562165
32  7.7  0.0506309
32  7.9  0.0457032
32  8.1  0.0413504
32  8.3  0.0375469
32  8.5  0.0341395
32  8.7  0.0310703
32  8.9  0.02837
32  9.1  0.0259732
32  9.3  0.0237897
32  9.5  0.0218684
32  9.7  0.0201187
32  9.9  0.0185392
32  10.1  0.0171097
32  10.3  0.0158044
32  10.5  0.0146316
32  10.7  0.0135658
32  10.9  0.0125786
32  11.1  0.0117054
32  11.3  0.010891
32  11.5  0.0101445
32  11.7  0.0094633
32  11.9  0.00884067
