# fragmentation : Kniehl & Kramer (N=0.694, eps=0.101)
# channel       : An0n
#   dipole file dir       : data/Pb/mve/glauber_mve_<b>
#   pD0 sweep             : 0.1 to 12.0 GeV, step 0.2
#   fixed rapidity y      : 0.5
# ============================================================
# b  pD0  dsigma_dy
0  0.1  4.42405e+06
0  0.3  2.88007e+06
0  0.5  1.96954e+06
0  0.7  1.37096e+06
0  0.9  966335
0  1.1  688690
0  1.3  495651
0  1.5  359694
0  1.7  263328
0  1.9  194466
0  2.1  144847
0  2.3  108863
0  2.5  82552.1
0  2.7  63170.8
0  2.9  48772.8
0  3.1  37957.6
0  3.3  29794.9
0  3.5  23582.1
0  3.7  18812.4
0  3.9  15108.5
0  4.1  12208.6
0  4.3  9939.6
0  4.5  8146.2
0  4.7  6712.5
0  4.9  5560.3
0  5.1  4630.65
0  5.3  3875.81
0  5.5  3259.84
0  5.7  2753.99
0  5.9  2336.26
0  6.1  1989.82
0  6.3  1701.18
0  6.5  1460
0  6.7  1257.57
0  6.9  1086.59
0  7.1  941.899
0  7.3  818.893
0  7.5  714.076
0  7.7  624.161
0  7.9  547.139
0  8.1  480.974
0  8.3  423.871
0  8.5  374.377
0  8.7  331.359
0  8.9  293.921
0  9.1  261.256
0  9.3  232.657
0  9.5  207.592
0  9.7  185.557
0  9.9  166.252
0  10.1  149.15
0  10.3  134.052
0  10.5  120.676
0  10.7  108.818
0  10.9  98.2576
0  11.1  88.8277
0  11.3  80.4556
0  11.5  72.9463
0  11.7  66.2226
0  11.9  60.1554
2  0.1  4.41995e+06
2  0.3  2.87736e+06
2  0.5  1.96763e+06
2  0.7  1.3696e+06
2  0.9  965338
2  1.1  687946
2  1.3  495091
2  1.5  359269
2  1.7  263001
2  1.9  194216
2  2.1  144655
2  2.3  108714
2  2.5  82436.3
2  2.7  63080.5
2  2.9  48701.8
2  3.1  37901.2
2  3.3  29750
2  3.5  23545.8
2  3.7  18783.4
2  3.9  15084.8
2  4.1  12189.4
2  4.3  9923.8
2  4.5  8133.25
2  4.7  6701.8
2  4.9  5551.33
2  5.1  4623.17
2  5.3  3869.54
2  5.5  3254.58
2  5.7  2749.51
2  5.9  2332.42
2  6.1  1986.51
2  6.3  1698.4
2  6.5  1457.63
2  6.7  1255.48
2  6.9  1084.76
2  7.1  940.322
2  7.3  817.521
2  7.5  712.888
2  7.7  623.129
2  7.9  546.269
2  8.1  480.173
2  8.3  423.161
2  8.5  373.749
2  8.7  330.785
2  8.9  293.42
2  9.1  260.832
2  9.3  232.27
2  9.5  207.24
2  9.7  185.233
2  9.9  165.951
2  10.1  148.899
2  10.3  133.816
2  10.5  120.465
2  10.7  108.623
2  10.9  98.0751
2  11.1  88.6843
2  11.3  80.3242
2  11.5  72.8263
2  11.7  66.114
2  11.9  60.053
4  0.1  4.40826e+06
4  0.3  2.87083e+06
4  0.5  1.96335e+06
4  0.7  1.36683e+06
4  0.9  963515
4  1.1  686951
4  1.3  494255
4  1.5  358820
4  1.7  262999
4  1.9  194264
4  2.1  144938
4  2.3  109081
4  2.5  82835.6
4  2.7  63217.3
4  2.9  48627.1
4  3.1  37754.1
4  3.3  29615.1
4  3.5  23437.7
4  3.7  18696
4  3.9  15014.3
4  4.1  12131.9
4  4.3  9876.66
4  4.5  8094.25
4  4.7  6669.65
4  4.9  5524.45
4  5.1  4600.7
4  5.3  3850.65
4  5.5  3238.56
4  5.7  2735.92
4  5.9  2320.88
4  6.1  1976.65
4  6.3  1689.96
4  6.5  1450.3
4  6.7  1249.11
4  6.9  1079.3
4  7.1  935.578
4  7.3  813.459
4  7.5  709.275
4  7.7  620.009
4  7.9  543.451
4  8.1  477.749
4  8.3  420.997
4  8.5  371.831
4  8.7  329.09
4  8.9  291.922
4  9.1  259.476
4  9.3  231.069
4  9.5  206.155
4  9.7  184.307
4  9.9  165.069
4  10.1  148.131
4  10.3  133.137
4  10.5  119.865
4  10.7  108.052
4  10.9  97.5255
4  11.1  88.1938
4  11.3  79.8814
4  11.5  72.4438
4  11.7  65.7721
4  11.9  59.7727
6  0.1  4.38653e+06
6  0.3  2.85527e+06
6  0.5  1.95221e+06
6  0.7  1.35855e+06
6  0.9  957251
6  1.1  682223
6  1.3  490544
6  1.5  355815
6  1.7  260364
6  1.9  192194
6  2.1  143110
6  2.3  107529
6  2.5  81496.9
6  2.7  62356.8
6  2.9  48107.4
6  3.1  37445.2
6  3.3  29387
6  3.5  23255.2
6  3.7  18548.7
6  3.9  14895
6  4.1  12034.6
6  4.3  9796.99
6  4.5  8028.47
6  4.7  6614.97
6  4.9  5478.94
6  5.1  4562.59
6  5.3  3818.6
6  5.5  3211.47
6  5.7  2712.94
6  5.9  2301.29
6  6.1  1959.96
6  6.3  1675.58
6  6.5  1437.93
6  6.7  1238.51
6  6.9  1070.05
6  7.1  927.545
6  7.3  806.403
6  7.5  703.146
6  7.7  614.59
6  7.9  538.711
6  8.1  473.581
6  8.3  417.359
6  8.5  368.62
6  8.7  326.234
6  8.9  289.367
6  9.1  257.212
6  9.3  229.038
6  9.5  204.359
6  9.7  182.668
6  9.9  163.657
6  10.1  146.816
6  10.3  131.947
6  10.5  118.78
6  10.7  107.1
6  10.9  96.7036
6  11.1  87.4342
6  11.3  79.1855
6  11.5  71.7895
6  11.7  65.1761
6  11.9  59.2257
8  0.1  4.35642e+06
8  0.3  2.83539e+06
8  0.5  1.93831e+06
8  0.7  1.34861e+06
8  0.9  949986
8  1.1  676828
8  1.3  486329
8  1.5  352727
8  1.7  257998
8  1.9  190383
8  2.1  141703
8  2.3  106431
8  2.5  80662
8  2.7  61694.1
8  2.9  47598.1
8  3.1  37038.2
8  3.3  29063.6
8  3.5  22996.4
8  3.7  18340.5
8  3.9  14726
8  4.1  11897.1
8  4.3  9684.18
8  4.5  7935.4
8  4.7  6537.91
8  4.9  5414.72
8  5.1  4508.88
8  5.3  3773.45
8  5.5  3173.33
8  5.7  2680.62
8  5.9  2273.81
8  6.1  1936.45
8  6.3  1655.4
8  6.5  1420.58
8  6.7  1223.49
8  6.9  1057.05
8  7.1  916.24
8  7.3  796.511
8  7.5  694.506
8  7.7  607.057
8  7.9  532.073
8  8.1  467.706
8  8.3  412.156
8  8.5  364.015
8  8.7  322.149
8  8.9  285.754
8  9.1  253.995
8  9.3  226.197
8  9.5  201.801
8  9.7  180.372
8  9.9  161.583
8  10.1  145.005
8  10.3  130.291
8  10.5  117.271
8  10.7  105.745
8  10.9  95.4707
8  11.1  86.3391
8  11.3  78.1491
8  11.5  70.8809
8  11.7  64.3502
8  11.9  58.4689
10  0.1  4.31847e+06
10  0.3  2.81151e+06
10  0.5  1.92205e+06
10  0.7  1.33734e+06
10  0.9  942570
10  1.1  670889
10  1.3  482363
10  1.5  349722
10  1.7  256013
10  1.9  189004
10  2.1  140912
10  2.3  105973
10  2.5  80414.1
10  2.7  61330.9
10  2.9  47111
10  3.1  36540.7
10  3.3  28638
10  3.5  22655.9
10  3.7  18066.1
10  3.9  14503.6
10  4.1  11715.8
10  4.3  9535.42
10  4.5  7812.76
10  4.7  6436.29
10  4.9  5330.03
10  5.1  4438.04
10  5.3  3713.96
10  5.5  3122.96
10  5.7  2638
10  5.9  2237.5
10  6.1  1905.34
10  6.3  1628.75
10  6.5  1397.65
10  6.7  1203.66
10  6.9  1039.89
10  7.1  901.302
10  7.3  783.504
10  7.5  683.17
10  7.7  597.079
10  7.9  523.326
10  8.1  460.003
10  8.3  405.349
10  8.5  357.98
10  8.7  316.796
10  8.9  280.987
10  9.1  249.749
10  9.3  222.397
10  9.5  198.412
10  9.7  177.335
10  9.9  158.877
10  10.1  142.541
10  10.3  128.096
10  10.5  115.308
10  10.7  103.963
10  10.9  93.8574
10  11.1  84.8766
10  11.3  76.8596
10  11.5  69.6828
10  11.7  63.2634
10  11.9  57.4669
12  0.1  4.26491e+06
12  0.3  2.77534e+06
12  0.5  1.89663e+06
12  0.7  1.31878e+06
12  0.9  928195
12  1.1  660314
12  1.3  474274
12  1.5  343471
12  1.7  250945
12  1.9  184984
12  2.1  137541
12  2.3  103220
12  2.5  78169.4
12  2.7  59747.7
12  2.9  46068.6
12  3.1  35829.6
12  3.3  28102.1
12  3.5  22226.9
12  3.7  17720.7
12  3.9  14223.6
12  4.1  11487.9
12  4.3  9348.65
12  4.5  7658.94
12  4.7  6308.57
12  4.9  5223.75
12  5.1  4349.09
12  5.3  3639.05
12  5.5  3059.86
12  5.7  2584.42
12  5.9  2191.91
12  6.1  1866.42
12  6.3  1595.33
12  6.5  1368.9
12  6.7  1178.75
12  6.9  1018.37
12  7.1  882.635
12  7.3  767.216
12  7.5  668.94
12  7.7  584.637
12  7.9  512.373
12  8.1  450.365
12  8.3  396.851
12  8.5  350.462
12  8.7  310.142
12  8.9  275.081
12  9.1  244.489
12  9.3  217.702
12  9.5  194.202
12  9.7  173.566
12  9.9  155.48
12  10.1  139.487
12  10.3  125.352
12  10.5  112.838
12  10.7  101.726
12  10.9  91.8301
12  11.1  83.0507
12  11.3  75.1912
12  11.5  68.1693
12  11.7  61.8838
12  11.9  56.2296
14  0.1  4.20204e+06
14  0.3  2.73383e+06
14  0.5  1.86823e+06
14  0.7  1.29807e+06
14  0.9  913083
14  1.1  649093
14  1.3  465702
14  1.5  337085
14  1.7  246093
14  1.9  181260
14  2.1  134681
14  2.3  101015
14  2.5  76461.5
14  2.7  58413.9
14  2.9  45020.1
14  3.1  35002
14  3.3  27444.8
14  3.5  21700.9
14  3.7  17296.9
14  3.9  13879.5
14  4.1  11208.5
14  4.3  9119.68
14  4.5  7470.89
14  4.7  6152.15
14  4.9  5093.45
14  5.1  4239.94
14  5.3  3547.32
14  5.5  2982.4
14  5.7  2518.71
14  5.9  2136.05
14  6.1  1818.71
14  6.3  1554.37
14  6.5  1333.65
14  6.7  1148.28
14  6.9  992.04
14  7.1  859.71
14  7.3  747.257
14  7.5  651.474
14  7.7  569.313
14  7.9  498.938
14  8.1  438.534
14  8.3  386.411
14  8.5  341.224
14  8.7  301.946
14  8.9  267.79
14  9.1  238.001
14  9.3  211.913
14  9.5  189.037
14  9.7  168.95
14  9.9  151.347
14  10.1  135.768
14  10.3  122.002
14  10.5  109.825
14  10.7  99.0026
14  10.9  89.3762
14  11.1  80.8161
14  11.3  73.1662
14  11.5  66.3308
14  11.7  60.2167
14  11.9  54.7186
16  0.1  4.12466e+06
16  0.3  2.68273e+06
16  0.5  1.83229e+06
16  0.7  1.27266e+06
16  0.9  894561
16  1.1  635355
16  1.3  455528
16  1.5  329283
16  1.7  240185
16  1.9  176731
16  2.1  131207
16  2.3  98338.7
16  2.5  74386.1
16  2.7  56795.5
16  2.9  43750.2
16  3.1  33999.1
16  3.3  26649
16  3.5  21064.1
16  3.7  16784.4
16  3.9  13465.6
16  4.1  10871.1
16  4.3  8843.13
16  4.5  7242.68
16  4.7  5963.37
16  4.9  4936.46
16  5.1  4108.55
16  5.3  3437.03
16  5.5  2889.18
16  5.7  2439.54
16  5.9  2068.65
16  6.1  1761.12
16  6.3  1505.03
16  6.5  1291.2
16  6.7  1111.65
16  6.9  960.264
16  7.1  832.15
16  7.3  723.243
16  7.5  630.436
16  7.7  550.903
16  7.9  482.736
16  8.1  424.269
16  8.3  373.813
16  8.5  330.06
16  8.7  292.042
16  8.9  259.006
16  9.1  230.177
16  9.3  204.936
16  9.5  182.804
16  9.7  163.364
16  9.9  146.337
16  10.1  131.273
16  10.3  117.95
16  10.5  106.169
16  10.7  95.7007
16  10.9  86.3925
16  11.1  78.1166
16  11.3  70.7209
16  11.5  64.1116
16  11.7  58.184
16  11.9  52.8758
18  0.1  4.03056e+06
18  0.3  2.62021e+06
18  0.5  1.78878e+06
18  0.7  1.24161e+06
18  0.9  871954
18  1.1  618610
18  1.3  442974
18  1.5  319807
18  1.7  232988
18  1.9  171246
18  2.1  127005
18  2.3  95103.2
18  2.5  71879.9
18  2.7  54848.1
18  2.9  42221.4
18  3.1  32794.5
18  3.3  25692.9
18  3.5  20299.3
18  3.7  16169
18  3.9  12967.4
18  4.1  10465.8
18  4.3  8510.83
18  4.5  6968.65
18  4.7  5736.58
18  4.9  4747.66
18  5.1  3950.53
18  5.3  3304.2
18  5.5  2777.53
18  5.7  2345.03
18  5.9  1987.94
18  6.1  1692.32
18  6.3  1445.96
18  6.5  1240.36
18  6.7  1067.82
18  6.9  922.354
18  7.1  798.896
18  7.3  694.345
18  7.5  605.23
18  7.7  528.823
18  7.9  463.434
18  8.1  407.198
18  8.3  358.758
18  8.5  316.765
18  8.7  280.281
18  8.9  248.524
18  9.1  220.851
18  9.3  196.624
18  9.5  175.371
18  9.7  156.702
18  9.9  140.352
18  10.1  125.906
18  10.3  113.12
18  10.5  101.816
18  10.7  91.7817
18  10.9  82.8499
18  11.1  74.9119
18  11.3  67.8112
18  11.5  61.4735
18  11.7  55.8045
18  11.9  50.6931
20  0.1  3.91455e+06
20  0.3  2.54404e+06
20  0.5  1.73538e+06
20  0.7  1.2035e+06
20  0.9  844241
20  1.1  598108
20  1.3  427643
20  1.5  308264
20  1.7  224221
20  1.9  164579
20  2.1  121903
20  2.3  91191
20  2.5  68847.7
20  2.7  52493
20  2.9  40378.5
20  3.1  31343.8
20  3.3  24542.7
20  3.5  19380.4
20  3.7  15429.9
20  3.9  12369.6
20  4.1  9979.64
20  4.3  8112.61
20  4.5  6640.59
20  4.7  5465
20  4.9  4521.85
20  5.1  3761.55
20  5.3  3145.37
20  5.5  2643.19
20  5.7  2231.14
20  5.9  1891.25
20  6.1  1609.5
20  6.3  1375.01
20  6.5  1179.32
20  6.7  1015.19
20  6.9  876.673
20  7.1  759.516
20  7.3  659.883
20  7.5  575.164
20  7.7  502.491
20  7.9  440.275
20  8.1  386.838
20  8.3  340.762
20  8.5  300.833
20  8.7  266.145
20  8.9  235.975
20  9.1  209.66
20  9.3  186.639
20  9.5  166.458
20  9.7  148.751
20  9.9  133.196
20  10.1  119.489
20  10.3  107.348
20  10.5  96.6047
20  10.7  87.0864
20  10.9  78.5968
20  11.1  71.0514
20  11.3  64.3161
20  11.5  58.2997
20  11.7  52.8941
20  11.9  48.0745
22  0.1  3.77023e+06
22  0.3  2.44795e+06
22  0.5  1.66913e+06
22  0.7  1.15626e+06
22  0.9  809894
22  1.1  573027
22  1.3  408619
22  1.5  294096
22  1.7  213524
22  1.9  156458
22  2.1  115718
22  2.3  86441.7
22  2.5  65179.7
22  2.7  49645.6
22  2.9  38162.9
22  3.1  29586
22  3.3  23152.6
22  3.5  18279.4
22  3.7  14530
22  3.9  11647.8
22  4.1  9396.76
22  4.3  7637.95
22  4.5  6245.03
22  4.7  5134.78
22  4.9  4249.86
22  5.1  3534.68
22  5.3  2955.04
22  5.5  2482.39
22  5.7  2093.31
22  5.9  1776.24
22  6.1  1510.3
22  6.3  1291.35
22  6.5  1106.13
22  6.7  954.033
22  6.9  824.655
22  7.1  715.371
22  7.3  622.06
22  7.5  543.55
22  7.7  475.531
22  7.9  418.379
22  8.1  368.932
22  8.3  325.883
22  8.5  288.697
22  8.7  256.569
22  8.9  229.105
22  9.1  204.81
22  9.3  183.546
22  9.5  165.034
22  9.7  148.781
22  9.9  134.577
22  10.1  122.254
22  10.3  111.203
22  10.5  101.319
22  10.7  92.3612
22  10.9  84.6565
22  11.1  77.4625
22  11.3  71.2582
22  11.5  65.5929
22  11.7  60.5025
22  11.9  55.8532
24  0.1  3.58709e+06
24  0.3  2.32791e+06
24  0.5  1.586e+06
24  0.7  1.09694e+06
24  0.9  766873
24  1.1  541329
24  1.3  385160
24  1.5  276484
24  1.7  200242
24  1.9  146395
24  2.1  108063
24  2.3  80578.1
24  2.5  60678.4
24  2.7  46145.4
24  2.9  35421.4
24  3.1  27443.5
24  3.3  21454.7
24  3.5  16916.7
24  3.7  13451.2
24  3.9  10763.8
24  4.1  8680.83
24  4.3  7049.76
24  4.5  5765.61
24  4.7  4740.64
24  4.9  3919.59
24  5.1  3258.3
24  5.3  2722.79
24  5.5  2286.76
24  5.7  1929.15
24  5.9  1634.36
24  6.1  1390.1
24  6.3  1186.98
24  6.5  1017.38
24  6.7  875.576
24  6.9  755.93
24  7.1  654.58
24  7.3  568.563
24  7.5  495.263
24  7.7  432.568
24  7.9  378.811
24  8.1  332.777
24  8.3  293.014
24  8.5  258.629
24  8.7  228.734
24  8.9  202.748
24  9.1  180.106
24  9.3  160.277
24  9.5  142.904
24  9.7  127.673
24  9.9  114.235
24  10.1  102.467
24  10.3  92.0531
24  10.5  82.8177
24  10.7  74.6333
24  10.9  67.363
24  11.1  60.8882
24  11.3  55.0995
24  11.5  49.9321
24  11.7  45.2991
24  11.9  41.1671
26  0.1  3.35338e+06
26  0.3  2.17428e+06
26  0.5  1.47932e+06
26  0.7  1.02132e+06
26  0.9  712192
26  1.1  500901
26  1.3  355418
26  1.5  254347
26  1.7  183642
26  1.9  133866
26  2.1  98591.5
26  2.3  73374.1
26  2.5  55139.4
26  2.7  41850.7
26  2.9  32078
26  3.1  24811.4
26  3.3  19373.4
26  3.5  15260
26  3.7  12114.9
26  3.9  9692.18
26  4.1  7810.27
26  4.3  6338.16
26  4.5  5180.41
26  4.7  4257.22
26  4.9  3517.7
26  5.1  2922.41
26  5.3  2440.99
26  5.5  2049.2
26  5.7  1728
26  5.9  1463.33
26  6.1  1244.08
26  6.3  1061.95
26  6.5  909.948
26  6.7  782.828
26  6.9  675.598
26  7.1  584.891
26  7.3  507.843
26  7.5  441.941
26  7.7  386.166
26  7.9  338.107
26  8.1  296.952
26  8.3  261.425
26  8.5  230.682
26  8.7  203.974
26  8.9  180.769
26  9.1  160.536
26  9.3  142.842
26  9.5  127.324
26  9.7  113.733
26  9.9  101.81
26  10.1  91.2587
26  10.3  81.9842
26  10.5  73.7415
26  10.7  66.4557
26  10.9  59.9606
26  11.1  54.2003
26  11.3  49.0365
26  11.5  44.4201
26  11.7  40.2871
26  11.9  36.6015
28  0.1  3.05041e+06
28  0.3  1.97594e+06
28  0.5  1.34227e+06
28  0.7  924719
28  0.9  642218
28  1.1  449942
28  1.3  317844
28  1.5  226436
28  1.7  162833
28  1.9  118262
28  2.1  86792.9
28  2.3  64382.3
28  2.5  48257.5
28  2.7  36558.6
28  2.9  27970.7
28  3.1  21595.5
28  3.3  16834.8
28  3.5  13242.7
28  3.7  10500.1
28  3.9  8390.79
28  4.1  6754.11
28  4.3  5475.86
28  4.5  4471.88
28  4.7  3671.27
28  4.9  3031.57
28  5.1  2517.07
28  5.3  2101.06
28  5.5  1762.58
28  5.7  1485.45
28  5.9  1257.2
28  6.1  1068.32
28  6.3  911.428
28  6.5  780.725
28  6.7  671.204
28  6.9  579.037
28  7.1  501.123
28  7.3  434.912
28  7.5  378.421
28  7.7  330.488
28  7.9  289.221
28  8.1  253.919
28  8.3  223.46
28  8.5  197.121
28  8.7  174.247
28  8.9  154.391
28  9.1  137.076
28  9.3  121.93
28  9.5  108.663
28  9.7  97.0227
28  9.9  86.8346
28  10.1  77.8316
28  10.3  69.8855
28  10.5  62.8469
28  10.7  56.6342
28  10.9  51.0917
28  11.1  46.1689
28  11.3  41.7737
28  11.5  37.8266
28  11.7  34.2983
28  11.9  31.1557
30  0.1  2.66578e+06
30  0.3  1.72422e+06
30  0.5  1.16886e+06
30  0.7  802400
30  0.9  554937
30  1.1  386361
30  1.3  271259
30  1.5  192235
30  1.7  137504
30  1.9  99379.1
30  2.1  72622.8
30  2.3  53665.4
30  2.5  40076.4
30  2.7  30272.2
30  2.9  23101.1
30  3.1  17792.7
30  3.3  13846.5
30  3.5  10866.5
30  3.7  8601.86
30  3.9  6863.36
30  4.1  5516.25
30  4.3  4466.91
30  4.5  3643.27
30  4.7  2988.14
30  4.9  2464.92
30  5.1  2044.38
30  5.3  1704.85
30  5.5  1428.96
30  5.7  1203.17
30  5.9  1017.57
30  6.1  864.147
30  6.3  736.655
30  6.5  630.693
30  6.7  541.927
30  6.9  467.245
30  7.1  404.088
30  7.3  350.516
30  7.5  304.934
30  7.7  266.036
30  7.9  232.724
30  8.1  204.233
30  8.3  179.613
30  8.5  158.351
30  8.7  139.943
30  8.9  123.931
30  9.1  109.976
30  9.3  97.7844
30  9.5  87.1193
30  9.7  77.7654
30  9.9  69.5757
30  10.1  62.3459
30  10.3  55.9454
30  10.5  50.3042
30  10.7  45.3014
30  10.9  40.8594
30  11.1  36.9007
30  11.3  33.3895
30  11.5  30.2303
30  11.7  27.4172
30  11.9  24.8982
32  0.1  2.20599e+06
32  0.3  1.42364e+06
32  0.5  962180
32  0.7  657337
32  0.9  451490
32  1.1  312227
32  1.3  217638
32  1.5  153048
32  1.7  108719
32  1.9  78081.6
32  2.1  56746.6
32  2.3  41711.8
32  2.5  31021.9
32  2.7  23344.7
32  2.9  17755.6
32  3.1  13629.5
32  3.3  10573.2
32  3.5  8285.3
32  3.7  6544.92
32  3.9  5210.58
32  4.1  4177.47
32  4.3  3377.01
32  4.5  2749.59
32  4.7  2251.98
32  4.9  1854.84
32  5.1  1536.23
32  5.3  1279.51
32  5.5  1071.24
32  5.7  901.132
32  5.9  761.271
32  6.1  645.775
32  6.3  550.075
32  6.5  470.353
32  6.7  403.82
32  6.9  347.854
32  7.1  300.658
32  7.3  260.571
32  7.5  226.529
32  7.7  197.5
32  7.9  172.685
32  8.1  151.441
32  8.3  133.137
32  8.5  117.324
32  8.7  103.613
32  8.9  91.7023
32  9.1  81.3488
32  9.3  72.2994
32  9.5  64.3743
32  9.7  57.443
32  9.9  51.3462
32  10.1  46.0153
32  10.3  41.2847
32  10.5  37.1008
32  10.7  33.3934
32  10.9  30.0964
32  11.1  27.1623
32  11.3  24.5587
32  11.5  22.2447
32  11.7  20.1658
32  11.9  18.3134
