# fragmentation : LHAPDF (data/prompt-D0-1-109/prompt-D0-1-109_0000.dat, member 0, Q=1.5)
# channel       : An0n
#   dipole file dir       : data/Pb/mve/glauber_mve_<b>
#   pD0 loop             : 0.1 to 12.0 GeV, step 0.2
#   fixed rapidity y      : 3.0
# ============================================================
# b  pD0  dsigma_dy
0  0.1  111.12
0  0.3  80.6022
0  0.5  55.0942
0  0.7  35.8918
0  0.9  22.8853
0  1.1  14.5069
0  1.3  9.20496
0  1.5  5.87622
0  1.7  3.78142
0  1.9  2.45349
0  2.1  1.60895
0  2.3  1.06477
0  2.5  0.711702
0  2.7  0.480653
0  2.9  0.32747
0  3.1  0.225176
0  3.3  0.156196
0  3.5  0.109242
0  3.7  0.0770342
0  3.9  0.0547293
0  4.1  0.0391746
0  4.3  0.0282106
0  4.5  0.0204726
0  4.7  0.014936
0  4.9  0.0109679
0  5.1  0.00809801
0  5.3  0.00601032
0  5.5  0.00448312
0  5.7  0.00336016
0  5.9  0.00253046
0  6.1  0.00191393
0  6.3  0.00145363
0  6.5  0.00110846
0  6.7  0.000847979
0  6.9  0.000651527
0  7.1  0.000502
0  7.3  0.00038827
0  7.5  0.000301405
0  7.7  0.00023446
0  7.9  0.00018311
0  8.1  0.000143359
0  8.3  0.000112443
0  8.5  8.84679e-05
0  8.7  6.97885e-05
0  8.9  5.51779e-05
0  9.1  4.37481e-05
0  9.3  3.47607e-05
0  9.5  2.7677e-05
0  9.7  2.20793e-05
0  9.9  1.765e-05
0  10.1  1.41382e-05
0  10.3  1.13435e-05
0  10.5  9.11794e-06
0  10.7  7.34283e-06
0  10.9  5.92792e-06
0  11.1  4.79025e-06
0  11.3  3.87491e-06
0  11.5  3.14153e-06
0  11.7  2.55169e-06
0  11.9  2.07444e-06
2  0.1  111.04
2  0.3  80.544
2  0.5  55.0538
2  0.7  35.8649
2  0.9  22.8676
2  1.1  14.4951
2  1.3  9.19714
2  1.5  5.871
2  1.7  3.77789
2  1.9  2.4511
2  2.1  1.60732
2  2.3  1.06365
2  2.5  0.710934
2  2.7  0.48012
2  2.9  0.327097
2  3.1  0.224912
2  3.3  0.156009
2  3.5  0.109109
2  3.7  0.076939
2  3.9  0.0546605
2  4.1  0.0391247
2  4.3  0.0281743
2  4.5  0.0204459
2  4.7  0.0149163
2  4.9  0.0109533
2  5.1  0.00808714
2  5.3  0.00600216
2  5.5  0.00447701
2  5.7  0.00335554
2  5.9  0.00252693
2  6.1  0.00191124
2  6.3  0.00145158
2  6.5  0.00110688
2  6.7  0.000846766
2  6.9  0.000650589
2  7.1  0.000501271
2  7.3  0.000387706
2  7.5  0.000300967
2  7.7  0.000234118
2  7.9  0.000182841
2  8.1  0.000143146
2  8.3  0.000112276
2  8.5  8.83364e-05
2  8.7  6.96843e-05
2  8.9  5.50952e-05
2  9.1  4.36822e-05
2  9.3  3.47083e-05
2  9.5  2.76351e-05
2  9.7  2.20457e-05
2  9.9  1.76231e-05
2  10.1  1.41166e-05
2  10.3  1.13261e-05
2  10.5  9.10387e-06
2  10.7  7.3314e-06
2  10.9  5.91874e-06
2  11.1  4.78281e-06
2  11.3  3.86884e-06
2  11.5  3.13659e-06
2  11.7  2.54768e-06
2  11.9  2.07118e-06
4  0.1  110.8
4  0.3  80.3675
4  0.5  54.9318
4  0.7  35.7838
4  0.9  22.8138
4  1.1  14.4595
4  1.3  9.17355
4  1.5  5.8551
4  1.7  3.76722
4  1.9  2.44385
4  2.1  1.6024
4  2.3  1.06027
4  2.5  0.708606
4  2.7  0.478477
4  2.9  0.325963
4  3.1  0.224118
4  3.3  0.155436
4  3.5  0.108708
4  3.7  0.0766495
4  3.9  0.0544477
4  4.1  0.0389662
4  4.3  0.0280634
4  4.5  0.0203514
4  4.7  0.0148616
4  4.9  0.0109097
4  5.1  0.00805456
4  5.3  0.0059777
4  5.5  0.00445876
4  5.7  0.00334173
4  5.9  0.00251603
4  6.1  0.00190265
4  6.3  0.00144501
4  6.5  0.00110225
4  6.7  0.000843097
4  6.9  0.000647571
4  7.1  0.000499083
4  7.3  0.000386067
4  7.5  0.000299694
4  7.7  0.000233247
4  7.9  0.000181925
4  8.1  0.000142508
4  8.3  0.000111836
4  8.5  8.79464e-05
4  8.7  6.93575e-05
4  8.9  5.48528e-05
4  9.1  4.3492e-05
4  9.3  3.45577e-05
4  9.5  2.75117e-05
4  9.7  2.19489e-05
4  9.9  1.75456e-05
4  10.1  1.40529e-05
4  10.3  1.12748e-05
4  10.5  9.06282e-06
4  10.7  7.30241e-06
4  10.9  5.88754e-06
4  11.1  4.75882e-06
4  11.3  3.85228e-06
4  11.5  3.12248e-06
4  11.7  2.53516e-06
4  11.9  2.06075e-06
6  0.1  110.394
6  0.3  80.0705
6  0.5  54.7267
6  0.7  35.647
6  0.9  22.7235
6  1.1  14.3997
6  1.3  9.13369
6  1.5  5.82854
6  1.7  3.74924
6  1.9  2.43171
6  2.1  1.59411
6  2.3  1.05459
6  2.5  0.704676
6  2.7  0.475775
6  2.9  0.324031
6  3.1  0.222781
6  3.3  0.154498
6  3.5  0.108036
6  3.7  0.0761689
6  3.9  0.0541047
6  4.1  0.038722
6  4.3  0.0278803
6  4.5  0.0202167
6  4.7  0.0147569
6  4.9  0.0108352
6  5.1  0.00799919
6  5.3  0.00593639
6  5.5  0.00442757
6  5.7  0.00331821
6  5.9  0.00249864
6  6.1  0.00188971
6  6.3  0.00143513
6  6.5  0.00109429
6  6.7  0.000837078
6  6.9  0.000643124
6  7.1  0.000495485
6  7.3  0.000383215
6  7.5  0.000297468
6  7.7  0.000231385
6  7.9  0.000180699
6  8.1  0.000141467
6  8.3  0.00011095
6  8.5  8.72889e-05
6  8.7  6.88549e-05
6  8.9  5.44356e-05
6  9.1  4.31599e-05
6  9.3  3.42919e-05
6  9.5  2.73025e-05
6  9.7  2.178e-05
6  9.9  1.74104e-05
6  10.1  1.3951e-05
6  10.3  1.11881e-05
6  10.5  8.99322e-06
6  10.7  7.24207e-06
6  10.9  5.84224e-06
6  11.1  4.72455e-06
6  11.3  3.82173e-06
6  11.5  3.09953e-06
6  11.7  2.51654e-06
6  11.9  2.04592e-06
8  0.1  109.812
8  0.3  79.6441
8  0.5  54.4322
8  0.7  35.4696
8  0.9  22.5937
8  1.1  14.3138
8  1.3  9.07661
8  1.5  5.79034
8  1.7  3.72347
8  1.9  2.41429
8  2.1  1.58223
8  2.3  1.04646
8  2.5  0.699055
8  2.7  0.471872
8  2.9  0.321308
8  3.1  0.220868
8  3.3  0.153142
8  3.5  0.10707
8  3.7  0.0754743
8  3.9  0.0536071
8  4.1  0.0383604
8  4.3  0.0276171
8  4.5  0.0200236
8  4.7  0.0146146
8  4.9  0.0107297
8  5.1  0.00792063
8  5.3  0.0058776
8  5.5  0.00438344
8  5.7  0.00328494
8  5.9  0.00247339
8  6.1  0.00187055
8  6.3  0.00142049
8  6.5  0.00108306
8  6.7  0.000828445
8  6.9  0.000636452
8  7.1  0.000490326
8  7.3  0.000379208
8  7.5  0.000294345
8  7.7  0.000228942
8  7.9  0.000178784
8  8.1  0.000139963
8  8.3  0.000109766
8  8.5  8.6354e-05
8  8.7  6.81167e-05
8  8.9  5.38505e-05
8  9.1  4.2694e-05
8  9.3  3.39208e-05
8  9.5  2.70067e-05
8  9.7  2.15432e-05
8  9.9  1.72206e-05
8  10.1  1.37933e-05
8  10.3  1.10658e-05
8  10.5  8.89426e-06
8  10.7  7.16221e-06
8  10.9  5.78194e-06
8  11.1  4.67203e-06
8  11.3  3.77903e-06
8  11.5  3.0637e-06
8  11.7  2.48832e-06
8  11.9  2.02204e-06
10  0.1  109.039
10  0.3  79.0773
10  0.5  54.0724
10  0.7  35.2089
10  0.9  22.4215
10  1.1  14.1997
10  1.3  9.00089
10  1.5  5.73972
10  1.7  3.68937
10  1.9  2.39121
10  2.1  1.56653
10  2.3  1.03577
10  2.5  0.691801
10  2.7  0.466705
10  2.9  0.317704
10  3.1  0.218338
10  3.3  0.151344
10  3.5  0.105796
10  3.7  0.0745496
10  3.9  0.052947
10  4.1  0.0378776
10  4.3  0.027269
10  4.5  0.0197686
10  4.7  0.0144319
10  4.9  0.0105915
10  5.1  0.00781755
10  5.3  0.00580056
10  5.5  0.00432569
10  5.7  0.00324128
10  5.9  0.00243989
10  6.1  0.00184471
10  6.3  0.00140074
10  6.5  0.00106781
10  6.7  0.000816985
10  6.9  0.000627426
10  7.1  0.000483472
10  7.3  0.000373934
10  7.5  0.000290266
10  7.7  0.000225878
10  7.9  0.000176161
10  8.1  0.000137974
10  8.3  0.000108266
10  8.5  8.51237e-05
10  8.7  6.71263e-05
10  8.9  5.30817e-05
10  9.1  4.20864e-05
10  9.3  3.3438e-05
10  9.5  2.66175e-05
10  9.7  2.12344e-05
10  9.9  1.69824e-05
10  10.1  1.35922e-05
10  10.3  1.09081e-05
10  10.5  8.7672e-06
10  10.7  7.0585e-06
10  10.9  5.69363e-06
10  11.1  4.60111e-06
10  11.3  3.72552e-06
10  11.5  3.01917e-06
10  11.7  2.45146e-06
10  11.9  1.99218e-06
12  0.1  108.055
12  0.3  78.3565
12  0.5  53.5676
12  0.7  34.8774
12  0.9  22.2026
12  1.1  14.0548
12  1.3  8.90466
12  1.5  5.67545
12  1.7  3.64605
12  1.9  2.36197
12  2.1  1.54662
12  2.3  1.02214
12  2.5  0.682405
12  2.7  0.460172
12  2.9  0.313173
12  3.1  0.215146
12  3.3  0.149087
12  3.5  0.104192
12  3.7  0.0734123
12  3.9  0.0521187
12  4.1  0.0372789
12  4.3  0.026832
12  4.5  0.0194482
12  4.7  0.014191
12  4.9  0.0104158
12  5.1  0.00768687
12  5.3  0.00570284
12  5.5  0.00425219
12  5.7  0.00318584
12  5.9  0.00239833
12  6.1  0.00181341
12  6.3  0.00137687
12  6.5  0.00104962
12  6.7  0.000802706
12  6.9  0.000616594
12  7.1  0.000474949
12  7.3  0.000367354
12  7.5  0.00028494
12  7.7  0.000221679
12  7.9  0.000173008
12  8.1  0.000135384
12  8.3  0.000106246
12  8.5  8.35753e-05
12  8.7  6.58975e-05
12  8.9  5.21072e-05
12  9.1  4.13083e-05
12  9.3  3.28164e-05
12  9.5  2.61246e-05
12  9.7  2.08384e-05
12  9.9  1.66559e-05
12  10.1  1.33399e-05
12  10.3  1.07014e-05
12  10.5  8.6005e-06
12  10.7  6.92517e-06
12  10.9  5.58555e-06
12  11.1  4.51694e-06
12  11.3  3.65373e-06
12  11.5  2.96145e-06
12  11.7  2.40521e-06
12  11.9  1.95434e-06
14  0.1  106.828
14  0.3  77.4574
14  0.5  52.9534
14  0.7  34.4631
14  0.9  21.93
14  1.1  13.8743
14  1.3  8.7849
14  1.5  5.59542
14  1.7  3.59224
14  1.9  2.32565
14  2.1  1.52195
14  2.3  1.00527
14  2.5  0.670792
14  2.7  0.45213
14  2.9  0.307556
14  3.1  0.211204
14  3.3  0.146299
14  3.5  0.10221
14  3.7  0.0719935
14  3.9  0.0510947
14  4.1  0.0365377
14  4.3  0.0262921
14  4.5  0.0190527
14  4.7  0.0138998
14  4.9  0.0101999
14  5.1  0.00752622
14  5.3  0.00558265
14  5.5  0.0041619
14  5.7  0.00311773
14  5.9  0.00234675
14  6.1  0.00177419
14  6.3  0.00134693
14  6.5  0.0010267
14  6.7  0.000785076
14  6.9  0.000603005
14  7.1  0.000464425
14  7.3  0.000359199
14  7.5  0.000278582
14  7.7  0.000216712
14  7.9  0.000169117
14  8.1  0.000132318
14  8.3  0.000103838
14  8.5  8.16734e-05
14  8.7  6.43935e-05
14  8.9  5.0915e-05
14  9.1  4.03605e-05
14  9.3  3.20611e-05
14  9.5  2.55221e-05
14  9.7  2.03567e-05
14  9.9  1.627e-05
14  10.1  1.30299e-05
14  10.3  1.04522e-05
14  10.5  8.39974e-06
14  10.7  6.76322e-06
14  10.9  5.45491e-06
14  11.1  4.41092e-06
14  11.3  3.56766e-06
14  11.5  2.89152e-06
14  11.7  2.34833e-06
14  11.9  1.90805e-06
16  0.1  105.314
16  0.3  76.3498
16  0.5  52.179
16  0.7  33.9524
16  0.9  21.5941
16  1.1  13.652
16  1.3  8.63763
16  1.5  5.49712
16  1.7  3.52625
16  1.9  2.2822
16  2.1  1.49175
16  2.3  0.984548
16  2.5  0.656564
16  2.7  0.442269
16  2.9  0.300694
16  3.1  0.206387
16  3.3  0.1429
16  3.5  0.0997949
16  3.7  0.0702537
16  3.9  0.0498542
16  4.1  0.0356376
16  4.3  0.0256366
16  4.5  0.0185723
16  4.7  0.0135492
16  4.9  0.00993809
16  5.1  0.00733134
16  5.3  0.00543695
16  5.5  0.00405247
16  5.7  0.00303523
16  5.9  0.00228423
16  6.1  0.00172665
16  6.3  0.00131063
16  6.5  0.000998898
16  6.7  0.000763704
16  6.9  0.000586524
16  7.1  0.000451667
16  7.3  0.000349313
16  7.5  0.000270872
16  7.7  0.000210698
16  7.9  0.000164402
16  8.1  0.000128614
16  8.3  0.000100927
16  8.5  7.93764e-05
16  8.7  6.25771e-05
16  8.9  4.9477e-05
16  9.1  3.92155e-05
16  9.3  3.11488e-05
16  9.5  2.47941e-05
16  9.7  1.97746e-05
16  9.9  1.58037e-05
16  10.1  1.26554e-05
16  10.3  1.01511e-05
16  10.5  8.15716e-06
16  10.7  6.5674e-06
16  10.9  5.2969e-06
16  11.1  4.28279e-06
16  11.3  3.46376e-06
16  11.5  2.80714e-06
16  11.7  2.27965e-06
16  11.9  1.85211e-06
18  0.1  103.448
18  0.3  74.9893
18  0.5  51.2363
18  0.7  33.324
18  0.9  21.1811
18  1.1  13.3795
18  1.3  8.45691
18  1.5  5.37657
18  1.7  3.44558
18  1.9  2.22778
18  2.1  1.45485
18  2.3  0.959395
18  2.5  0.639268
18  2.7  0.430306
18  2.9  0.292362
18  3.1  0.20055
18  3.3  0.138789
18  3.5  0.0968691
18  3.7  0.0681615
18  3.9  0.0483497
18  4.1  0.0345482
18  4.3  0.0248436
18  4.5  0.0179916
18  4.7  0.0131211
18  4.9  0.0096217
18  5.1  0.00709603
18  5.3  0.00526099
18  5.5  0.00392045
18  5.7  0.00293572
18  5.9  0.00220885
18  6.1  0.00166935
18  6.3  0.00126689
18  6.5  0.000965423
18  6.7  0.000737961
18  6.9  0.000566662
18  7.1  0.000436508
18  7.3  0.000337324
18  7.5  0.000261588
18  7.7  0.000203451
18  7.9  0.000158724
18  8.1  0.000124153
18  8.3  9.74182e-05
18  8.5  7.65906e-05
18  8.7  6.0386e-05
18  8.9  4.774e-05
18  9.1  3.78347e-05
18  9.3  3.0049e-05
18  9.5  2.39163e-05
18  9.7  1.90729e-05
18  9.9  1.52417e-05
18  10.1  1.22042e-05
18  10.3  9.78835e-06
18  10.5  7.86499e-06
18  10.7  6.33162e-06
18  10.9  5.1065e-06
18  11.1  4.12862e-06
18  11.3  3.33861e-06
18  11.5  2.70542e-06
18  11.7  2.19699e-06
18  11.9  1.78482e-06
20  0.1  101.138
20  0.3  73.3075
20  0.5  50.0531
20  0.7  32.5468
20  0.9  20.67
20  1.1  13.043
20  1.3  8.23425
20  1.5  5.22824
20  1.7  3.3464
20  1.9  2.16095
20  2.1  1.40971
20  2.3  0.928598
20  2.5  0.61818
20  2.7  0.415706
20  2.9  0.282185
20  3.1  0.193444
20  3.3  0.133781
20  3.5  0.0933132
20  3.7  0.0656219
20  3.9  0.0465247
20  4.1  0.0332273
20  4.3  0.023898
20  4.5  0.0172885
20  4.7  0.0126016
20  4.9  0.00923906
20  5.1  0.00681153
20  5.3  0.00504851
20  5.5  0.00376088
20  5.7  0.00281546
20  5.9  0.00211783
20  6.1  0.00160017
20  6.3  0.00121409
20  6.5  0.000925004
20  6.7  0.000706888
20  6.9  0.000542715
20  7.1  0.000417824
20  7.3  0.000322946
20  7.5  0.000250397
20  7.7  0.000194719
20  7.9  0.000151882
20  8.1  0.000118782
20  8.3  9.31929e-05
20  8.5  7.32571e-05
20  8.7  5.77496e-05
20  8.9  4.5651e-05
20  9.1  3.61735e-05
20  9.3  2.87255e-05
20  9.5  2.28609e-05
20  9.7  1.82291e-05
20  9.9  1.45658e-05
20  10.1  1.16615e-05
20  10.3  9.35219e-06
20  10.5  7.51384e-06
20  10.7  6.04831e-06
20  10.9  4.87756e-06
20  11.1  3.94315e-06
20  11.3  3.18831e-06
20  11.5  2.58346e-06
20  11.7  2.09784e-06
20  11.9  1.7041e-06
22  0.1  98.2435
22  0.3  71.2228
22  0.5  48.5931
22  0.7  31.5719
22  0.9  20.0303
22  1.1  12.6222
22  1.3  7.95647
22  1.5  5.04208
22  1.7  3.22314
22  1.9  2.07822
22  2.1  1.35335
22  2.3  0.89054
22  2.5  0.59218
22  2.7  0.397727
22  2.9  0.269713
22  3.1  0.184723
22  3.3  0.12764
22  3.5  0.0889651
22  3.7  0.0625181
22  3.9  0.0442957
22  4.1  0.0316143
22  4.3  0.0227261
22  4.5  0.0164314
22  4.7  0.0119718
22  4.9  0.00877314
22  5.1  0.00646509
22  5.3  0.00478943
22  5.5  0.00356712
22  5.7  0.00266931
22  5.9  0.00200718
22  6.1  0.00151618
22  6.3  0.00114965
22  6.5  0.000875489
22  6.7  0.000669336
22  6.9  0.000513674
22  7.1  0.000395424
22  7.3  0.000305534
22  7.5  0.000236815
22  7.7  0.000184129
22  7.9  0.000143685
22  8.1  0.000112278
22  8.3  8.8074e-05
22  8.5  6.92388e-05
22  8.7  5.45565e-05
22  8.9  4.3113e-05
22  9.1  3.41634e-05
22  9.3  2.71256e-05
22  9.5  2.15836e-05
22  9.7  1.72083e-05
22  9.9  1.37481e-05
22  10.1  1.10045e-05
22  10.3  8.82438e-06
22  10.5  7.08883e-06
22  10.7  5.70533e-06
22  10.9  4.60081e-06
22  11.1  3.71573e-06
22  11.3  3.00656e-06
22  11.5  2.4358e-06
22  11.7  1.97782e-06
22  11.9  1.6071e-06
24  0.1  94.5456
24  0.3  68.5275
24  0.5  46.7313
24  0.7  30.3317
24  0.9  19.2165
24  1.1  12.0831
24  1.3  7.60436
24  1.5  4.81106
24  1.7  3.06795
24  1.9  1.97431
24  2.1  1.28323
24  2.3  0.843092
24  2.5  0.55974
24  2.7  0.375374
24  2.9  0.254231
24  3.1  0.173911
24  3.3  0.120037
24  3.5  0.08359
24  3.7  0.0586833
24  3.9  0.0415437
24  4.1  0.0296241
24  4.3  0.0212825
24  4.5  0.0153766
24  4.7  0.0111962
24  4.9  0.00820045
24  5.1  0.00603978
24  5.3  0.00447234
24  5.5  0.0033292
24  5.7  0.00249025
24  5.9  0.00187176
24  6.1  0.0014132
24  6.3  0.00107122
24  6.5  0.000815468
24  6.7  0.000623227
24  6.9  0.00047814
24  7.1  0.000367947
24  7.3  0.000284205
24  7.5  0.000220239
24  7.7  0.000171197
24  7.9  0.000133474
24  8.1  0.00010436
24  8.3  8.18293e-05
24  8.5  6.4351e-05
24  8.7  5.06705e-05
24  8.9  4.00338e-05
24  9.1  3.17115e-05
24  9.3  2.51739e-05
24  9.5  2.00293e-05
24  9.7  1.59654e-05
24  9.9  1.27527e-05
24  10.1  1.0206e-05
24  10.3  8.1826e-06
24  10.5  6.57212e-06
24  10.7  5.28853e-06
24  10.9  4.26411e-06
24  11.1  3.44619e-06
24  11.3  2.78552e-06
24  11.5  2.25644e-06
24  11.7  1.83209e-06
24  11.9  1.48867e-06
26  0.1  89.7385
26  0.3  65.0218
26  0.5  44.3111
26  0.7  28.7256
26  0.9  18.1618
26  1.1  11.3932
26  1.3  7.15059
26  1.5  4.51184
26  1.7  2.86751
26  1.9  1.84115
26  2.1  1.19414
26  2.3  0.782912
26  2.5  0.518752
26  2.7  0.347212
26  2.9  0.234764
26  3.1  0.160334
26  3.3  0.110514
26  3.5  0.0768552
26  3.7  0.053894
26  3.9  0.0381105
26  4.1  0.0271486
26  4.3  0.0194801
26  4.5  0.0140774
26  4.7  0.0102363
26  4.9  0.00748991
26  5.1  0.00551274
26  5.3  0.00407958
26  5.5  0.00303476
26  5.7  0.00226866
26  5.9  0.00170435
26  6.1  0.00128616
26  6.3  0.000974398
26  6.5  0.000741413
26  6.7  0.000566355
26  6.9  0.000434335
26  7.1  0.000334193
26  7.3  0.000257999
26  7.5  0.000199831
26  7.7  0.000155279
26  7.9  0.00012101
26  8.1  9.45919e-05
26  8.3  7.41379e-05
26  8.5  5.82477e-05
26  8.7  4.58875e-05
26  8.9  3.62356e-05
26  9.1  2.86958e-05
26  9.3  2.27816e-05
26  9.5  1.81157e-05
26  9.7  1.44369e-05
26  9.9  1.15363e-05
26  10.1  9.22445e-06
26  10.3  7.39475e-06
26  10.5  5.93755e-06
26  10.7  4.77705e-06
26  10.9  3.85039e-06
26  11.1  3.10901e-06
26  11.3  2.51425e-06
26  11.5  2.03632e-06
26  11.7  1.65223e-06
26  11.9  1.34287e-06
28  0.1  83.3981
28  0.3  60.4042
28  0.5  41.1264
28  0.7  26.6111
28  0.9  16.7801
28  1.1  10.4919
28  1.3  6.56034
28  1.5  4.12413
28  1.7  2.61172
28  1.9  1.67181
28  2.1  1.08042
28  2.3  0.706313
28  2.5  0.466786
28  2.7  0.311626
28  2.9  0.210208
28  3.1  0.143269
28  3.3  0.0985596
28  3.5  0.0684345
28  3.7  0.0479095
28  3.9  0.0338293
28  4.1  0.0240674
28  4.3  0.0172482
28  4.5  0.0124503
28  4.7  0.0090417
28  4.9  0.00661081
28  5.1  0.00486082
28  5.3  0.00359337
28  5.5  0.00267119
28  5.7  0.00199539
28  5.9  0.00149803
28  6.1  0.00112924
28  6.3  0.000855281
28  6.5  0.000650384
28  6.7  0.000496468
28  6.9  0.000380573
28  7.1  0.000292544
28  7.3  0.000225778
28  7.5  0.000174785
28  7.7  0.000135852
28  7.9  0.000105836
28  8.1  8.2639e-05
28  8.3  6.47714e-05
28  8.5  5.08807e-05
28  8.7  4.00301e-05
28  8.9  3.16049e-05
28  9.1  2.50229e-05
28  9.3  1.98511e-05
28  9.5  1.57847e-05
28  9.7  1.25744e-05
28  9.9  1.00379e-05
28  10.1  8.02845e-06
28  10.3  6.43358e-06
28  10.5  5.16478e-06
28  10.7  4.15394e-06
28  10.9  3.34767e-06
28  11.1  2.70189e-06
28  11.3  2.18448e-06
28  11.5  1.7689e-06
28  11.7  1.43563e-06
28  11.9  1.16592e-06
30  0.1  75.1098
30  0.3  54.3722
30  0.5  36.9914
30  0.7  23.8463
30  0.9  14.9871
30  1.1  9.32851
30  1.3  5.80505
30  1.5  3.62997
30  1.7  2.28922
30  1.9  1.45733
30  2.1  0.937865
30  2.3  0.610771
30  2.5  0.402165
30  2.7  0.267621
30  2.9  0.179965
30  3.1  0.122346
30  3.3  0.0839554
30  3.5  0.0581572
30  3.7  0.0406457
30  3.9  0.0286459
30  4.1  0.0203539
30  4.3  0.0145654
30  4.5  0.0104925
30  4.7  0.00761955
30  4.9  0.00556801
30  5.1  0.00409025
30  5.3  0.00302301
30  5.5  0.00224588
30  5.7  0.00167855
30  5.9  0.00125776
30  6.1  0.000946979
30  6.3  0.000715892
30  6.5  0.000543468
30  6.7  0.000414829
30  6.9  0.000317759
30  7.1  0.00024449
30  7.3  0.000188932
30  7.5  0.000146282
30  7.7  0.000113776
30  7.9  8.87909e-05
30  8.1  6.94926e-05
30  8.3  5.45206e-05
30  8.5  4.294e-05
30  8.7  3.39286e-05
30  8.9  2.68378e-05
30  9.1  2.13437e-05
30  9.3  1.70283e-05
30  9.5  1.35884e-05
30  9.7  1.09024e-05
30  9.9  8.76437e-06
30  10.1  7.05594e-06
30  10.3  5.70723e-06
30  10.5  4.61817e-06
30  10.7  3.75539e-06
30  10.9  2.99803e-06
30  11.1  2.39323e-06
30  11.3  1.91259e-06
30  11.5  1.53028e-06
30  11.7  1.22681e-06
30  11.9  9.84374e-07
32  0.1  64.7973
32  0.3  46.8721
32  0.5  31.8229
32  0.7  20.455
32  0.9  12.7909
32  1.1  7.91675
32  1.3  4.89455
32  1.5  3.04275
32  1.7  1.9076
32  1.9  1.20799
32  2.1  0.774391
32  2.3  0.502458
32  2.5  0.32973
32  2.7  0.218984
32  2.9  0.14698
32  3.1  0.0991306
32  3.3  0.0675421
32  3.5  0.0464636
32  3.7  0.0323512
32  3.9  0.022747
32  4.1  0.0161247
32  4.3  0.0115105
32  4.5  0.00827338
32  4.7  0.00598986
32  4.9  0.0043651
32  5.1  0.00320275
32  5.3  0.00235934
32  5.5  0.00174915
32  5.7  0.00130378
32  5.9  0.00097656
32  6.1  0.000734379
32  6.3  0.000555301
32  6.5  0.000421464
32  6.7  0.000321462
32  6.9  0.000246225
32  7.1  0.000189123
32  7.3  0.000145403
32  7.5  0.00011232
32  7.7  8.70985e-05
32  7.9  6.77916e-05
32  8.1  5.28546e-05
32  8.3  4.13452e-05
32  8.5  3.24363e-05
32  8.7  2.55262e-05
32  8.9  2.01142e-05
32  9.1  1.59067e-05
32  9.3  1.26142e-05
32  9.5  1.0008e-05
32  9.7  7.96988e-06
32  9.9  6.35472e-06
32  10.1  5.07546e-06
32  10.3  4.06339e-06
32  10.5  3.2589e-06
32  10.7  2.61765e-06
32  10.9  2.10756e-06
32  11.1  1.69964e-06
32  11.3  1.37307e-06
32  11.5  1.11091e-06
32  11.7  9.00284e-07
32  11.9  7.30633e-07
