# fragmentation : LHAPDF (data/prompt-D0-1-109/prompt-D0-1-109_0000.dat, member 0, Q=1.5)
# channel       : An0n
#   dipole file dir       : data/Pb/mve/glauber_mve_<b>
#   pD0 loop             : 0.1 to 12.0 GeV, step 0.2
#   fixed rapidity y      : -1.0
# ============================================================
# b  pD0  dsigma_dy
0  0.1  743.372
0  0.3  579.592
0  0.5  444.483
0  0.7  333.997
0  0.9  248.355
0  1.1  183.743
0  1.3  135.678
0  1.5  100.247
0  1.7  74.3133
0  1.9  55.4344
0  2.1  41.6354
0  2.3  31.519
0  2.5  24.064
0  2.7  18.5503
0  2.9  14.4231
0  3.1  11.3193
0  3.3  8.96137
0  3.5  7.15438
0  3.7  5.75764
0  3.9  4.67106
0  4.1  3.81689
0  4.3  3.14015
0  4.5  2.59961
0  4.7  2.16667
0  4.9  1.81578
0  5.1  1.53043
0  5.3  1.29627
0  5.5  1.10306
0  5.7  0.943707
0  5.9  0.81005
0  6.1  0.699341
0  6.3  0.605377
0  6.5  0.526117
0  6.7  0.45873
0  6.9  0.401332
0  7.1  0.352182
0  7.3  0.310184
0  7.5  0.273856
0  7.7  0.242535
0  7.9  0.215432
0  8.1  0.19177
0  8.3  0.171049
0  8.5  0.152955
0  8.7  0.137044
0  8.9  0.123111
0  9.1  0.11083
0  9.3  0.0999715
0  9.5  0.0903395
0  9.7  0.0817829
0  9.9  0.0741579
0  10.1  0.0673467
0  10.3  0.0612557
0  10.5  0.0558085
0  10.7  0.050915
0  10.9  0.0465519
0  11.1  0.0426126
0  11.3  0.0390593
0  11.5  0.0358519
0  11.7  0.0329469
0  11.9  0.0303177
2  0.1  742.591
2  0.3  578.962
2  0.5  443.995
2  0.7  333.624
2  0.9  248.063
2  1.1  183.508
2  1.3  135.5
2  1.5  100.113
2  1.7  74.2045
2  1.9  55.3504
2  2.1  41.5712
2  2.3  31.469
2  2.5  24.0247
2  2.7  18.5197
2  2.9  14.3988
2  3.1  11.3001
2  3.3  8.94602
2  3.5  7.14199
2  3.7  5.74762
2  3.9  4.66292
2  4.1  3.81018
2  4.3  3.13461
2  4.5  2.59503
2  4.7  2.16281
2  4.9  1.81255
2  5.1  1.52769
2  5.3  1.29394
2  5.5  1.1011
2  5.7  0.942004
2  5.9  0.808573
2  6.1  0.69807
2  6.3  0.604289
2  6.5  0.525167
2  6.7  0.457899
2  6.9  0.400618
2  7.1  0.351548
2  7.3  0.309616
2  7.5  0.273355
2  7.7  0.24218
2  7.9  0.215037
2  8.1  0.191401
2  8.3  0.170739
2  8.5  0.152663
2  8.7  0.136795
2  8.9  0.122887
2  9.1  0.110626
2  9.3  0.099746
2  9.5  0.0901681
2  9.7  0.0816251
2  9.9  0.0740181
2  10.1  0.0672209
2  10.3  0.0611424
2  10.5  0.0557037
2  10.7  0.0508216
2  10.9  0.0464649
2  11.1  0.0425302
2  11.3  0.0389863
2  11.5  0.0357775
2  11.7  0.0328846
2  11.9  0.030253
4  0.1  740.062
4  0.3  577.075
4  0.5  442.522
4  0.7  332.503
4  0.9  247.181
4  1.1  182.825
4  1.3  134.963
4  1.5  99.6933
4  1.7  73.8963
4  1.9  55.1001
4  2.1  41.3765
4  2.3  31.318
4  2.5  23.9065
4  2.7  18.428
4  2.9  14.3259
4  3.1  11.2428
4  3.3  8.89999
4  3.5  7.10508
4  3.7  5.71753
4  3.9  4.63823
4  4.1  3.79006
4  4.3  3.11776
4  4.5  2.58286
4  4.7  2.15075
4  4.9  1.80354
4  5.1  1.51939
4  5.3  1.2868
4  5.5  1.09545
4  5.7  0.936858
4  5.9  0.804079
4  6.1  0.694018
4  6.3  0.60077
4  6.5  0.522239
4  6.7  0.455406
4  6.9  0.398394
4  7.1  0.349468
4  7.3  0.307973
4  7.5  0.271983
4  7.7  0.240847
4  7.9  0.213835
4  8.1  0.190231
4  8.3  0.169794
4  8.5  0.151812
4  8.7  0.136027
4  8.9  0.122197
4  9.1  0.110012
4  9.3  0.0992252
4  9.5  0.0896668
4  9.7  0.0811682
4  9.9  0.0735998
4  10.1  0.0668072
4  10.3  0.0608036
4  10.5  0.0553874
4  10.7  0.0505352
4  10.9  0.0462001
4  11.1  0.042292
4  11.3  0.0387674
4  11.5  0.0355823
4  11.7  0.0327007
4  11.9  0.0301041
6  0.1  736.023
6  0.3  573.876
6  0.5  440.329
6  0.7  330.598
6  0.9  245.724
6  1.1  181.657
6  1.3  134.057
6  1.5  98.9584
6  1.7  73.3262
6  1.9  54.6816
6  2.1  41.0479
6  2.3  31.0636
6  2.5  23.7081
6  2.7  18.2723
6  2.9  14.2037
6  3.1  11.1443
6  3.3  8.82185
6  3.5  7.04202
6  3.7  5.66668
6  3.9  4.59682
6  4.1  3.75592
6  4.3  3.08977
6  4.5  2.55773
6  4.7  2.13115
6  4.9  1.78636
6  5.1  1.50564
6  5.3  1.27517
6  5.5  1.0851
6  5.7  0.928183
6  5.9  0.796716
6  6.1  0.68782
6  6.3  0.595436
6  6.5  0.517441
6  6.7  0.451156
6  6.9  0.394686
6  7.1  0.346368
6  7.3  0.305037
6  7.5  0.269415
6  7.7  0.238594
6  7.9  0.211834
6  8.1  0.18856
6  8.3  0.168189
6  8.5  0.15039
6  8.7  0.134749
6  8.9  0.12105
6  9.1  0.108969
6  9.3  0.0982291
6  9.5  0.0888237
6  9.7  0.0804055
6  9.9  0.072897
6  10.1  0.0662126
6  10.3  0.0602267
6  10.5  0.0548614
6  10.7  0.0500499
6  10.9  0.0457546
6  11.1  0.0418882
6  11.3  0.0383983
6  11.5  0.0352375
6  11.7  0.0323885
6  11.9  0.0298018
8  0.1  730.232
8  0.3  569.314
8  0.5  436.781
8  0.7  328.041
8  0.9  243.554
8  1.1  179.995
8  1.3  132.764
8  1.5  97.9631
8  1.7  72.5534
8  1.9  54.0743
8  2.1  40.5789
8  2.3  30.7004
8  2.5  23.4259
8  2.7  18.0513
8  2.9  14.029
8  3.1  11.0056
8  3.3  8.7113
8  3.5  6.95316
8  3.7  5.59451
8  3.9  4.53795
8  4.1  3.70863
8  4.3  3.04995
8  4.5  2.52434
8  4.7  2.10388
8  4.9  1.76386
8  5.1  1.48591
8  5.3  1.25837
8  5.5  1.07142
8  5.7  0.915408
8  5.9  0.786165
8  6.1  0.678445
8  6.3  0.587437
8  6.5  0.510279
8  6.7  0.445112
8  6.9  0.389385
8  7.1  0.341738
8  7.3  0.300939
8  7.5  0.265561
8  7.7  0.235409
8  7.9  0.208996
8  8.1  0.186001
8  8.3  0.165792
8  8.5  0.148362
8  8.7  0.132921
8  8.9  0.119403
8  9.1  0.107516
8  9.3  0.0969635
8  9.5  0.0876079
8  9.7  0.0792432
8  9.9  0.0718988
8  10.1  0.0653117
8  10.3  0.0593933
8  10.5  0.054099
8  10.7  0.0493646
8  10.9  0.0451084
8  11.1  0.0413173
8  11.3  0.0378721
8  11.5  0.0347542
8  11.7  0.0319338
8  11.9  0.0293892
10  0.1  722.586
10  0.3  563.273
10  0.5  432.059
10  0.7  324.404
10  0.9  240.78
10  1.1  177.796
10  1.3  131.057
10  1.5  96.6459
10  1.7  71.5474
10  1.9  53.282
10  2.1  39.9642
10  2.3  30.2233
10  2.5  23.0561
10  2.7  17.7604
10  2.9  13.7998
10  3.1  10.8236
10  3.3  8.56591
10  3.5  6.83624
10  3.7  5.49974
10  3.9  4.46067
10  4.1  3.64418
10  4.3  2.9975
10  4.5  2.48251
10  4.7  2.06787
10  4.9  1.73244
10  5.1  1.46003
10  5.3  1.23648
10  5.5  1.0521
10  5.7  0.899923
10  5.9  0.772368
10  6.1  0.666568
10  6.3  0.577169
10  6.5  0.501524
10  6.7  0.437285
10  6.9  0.382554
10  7.1  0.335646
10  7.3  0.295601
10  7.5  0.260951
10  7.7  0.231205
10  7.9  0.20526
10  8.1  0.182618
10  8.3  0.162967
10  8.5  0.1457
10  8.7  0.130546
10  8.9  0.117258
10  9.1  0.105566
10  9.3  0.0952089
10  9.5  0.0860306
10  9.7  0.0778783
10  9.9  0.0705915
10  10.1  0.0641303
10  10.3  0.058339
10  10.5  0.053132
10  10.7  0.0484629
10  10.9  0.0443139
10  11.1  0.0405684
10  11.3  0.0371846
10  11.5  0.0341277
10  11.7  0.0313626
10  11.9  0.0288598
12  0.1  712.92
12  0.3  555.592
12  0.5  426.079
12  0.7  319.821
12  0.9  237.152
12  1.1  175.016
12  1.3  128.895
12  1.5  94.9606
12  1.7  70.2527
12  1.9  52.2834
12  2.1  39.1848
12  2.3  29.6222
12  2.5  22.5882
12  2.7  17.3948
12  2.9  13.5116
12  3.1  10.5952
12  3.3  8.38361
12  3.5  6.68978
12  3.7  5.38099
12  3.9  4.36383
12  4.1  3.56454
12  4.3  2.9317
12  4.5  2.42795
12  4.7  2.02242
12  4.9  1.69403
12  5.1  1.42759
12  5.3  1.20894
12  5.5  1.02862
12  5.7  0.879765
12  5.9  0.755099
12  6.1  0.651597
12  6.3  0.564147
12  6.5  0.49025
12  6.7  0.427396
12  6.9  0.373914
12  7.1  0.328048
12  7.3  0.28893
12  7.5  0.255041
12  7.7  0.225948
12  7.9  0.200585
12  8.1  0.178503
12  8.3  0.159166
12  8.5  0.142355
12  8.7  0.127556
12  8.9  0.114576
12  9.1  0.103142
12  9.3  0.0930209
12  9.5  0.0840649
12  9.7  0.0760974
12  9.9  0.0689868
12  10.1  0.0626557
12  10.3  0.0569882
12  10.5  0.0518826
12  10.7  0.0473467
12  10.9  0.0432842
12  11.1  0.0396264
12  11.3  0.036317
12  11.5  0.033332
12  11.7  0.030637
12  11.9  0.0281878
14  0.1  700.865
14  0.3  545.994
14  0.5  418.693
14  0.7  314.118
14  0.9  232.812
14  1.1  171.562
14  1.3  126.215
14  1.5  92.8932
14  1.7  68.6648
14  1.9  51.0563
14  2.1  38.2414
14  2.3  28.8856
14  2.5  22.0235
14  2.7  16.9462
14  2.9  13.1587
14  3.1  10.316
14  3.3  8.16067
14  3.5  6.51063
14  3.7  5.23597
14  3.9  4.2455
14  4.1  3.46833
14  4.3  2.85092
14  4.5  2.35993
14  4.7  1.96677
14  4.9  1.64722
14  5.1  1.388
14  5.3  1.17596
14  5.5  0.999913
14  5.7  0.855179
14  5.9  0.734512
14  6.1  0.633498
14  6.3  0.548071
14  6.5  0.476336
14  6.7  0.415179
14  6.9  0.363287
14  7.1  0.318769
14  7.3  0.280712
14  7.5  0.247904
14  7.7  0.219547
14  7.9  0.194769
14  8.1  0.173344
14  8.3  0.154688
14  8.5  0.138295
14  8.7  0.123901
14  8.9  0.111302
14  9.1  0.100177
14  9.3  0.0902769
14  9.5  0.0816555
14  9.7  0.0739168
14  9.9  0.0670128
14  10.1  0.0608477
14  10.3  0.0553469
14  10.5  0.0503869
14  10.7  0.0459886
14  10.9  0.0420415
14  11.1  0.0384634
14  11.3  0.0352626
14  11.5  0.0323457
14  11.7  0.0297472
14  11.9  0.0273728
16  0.1  686.005
16  0.3  534.453
16  0.5  409.695
16  0.7  307.234
16  0.9  227.372
16  1.1  167.361
16  1.3  122.955
16  1.5  90.3865
16  1.7  66.7028
16  1.9  49.5695
16  2.1  37.0897
16  2.3  27.9914
16  2.5  21.3358
16  2.7  16.4041
16  2.9  12.7353
16  3.1  9.97968
16  3.3  7.89195
16  3.5  6.29482
16  3.7  5.06156
16  3.9  4.10332
16  4.1  3.35143
16  4.3  2.75431
16  4.5  2.27967
16  4.7  1.89871
16  4.9  1.59098
16  5.1  1.34044
16  5.3  1.13493
16  5.5  0.966167
16  5.7  0.82578
16  5.9  0.709143
16  6.1  0.611198
16  6.3  0.529273
16  6.5  0.459802
16  6.7  0.400879
16  6.9  0.350584
16  7.1  0.307645
16  7.3  0.27087
16  7.5  0.239081
16  7.7  0.211677
16  7.9  0.188019
16  8.1  0.167319
16  8.3  0.149237
16  8.5  0.133428
16  8.7  0.119522
16  8.9  0.107361
16  9.1  0.0966353
16  9.3  0.0871606
16  9.5  0.0787469
16  9.7  0.0712668
16  9.9  0.0646109
16  10.1  0.0586762
16  10.3  0.053368
16  10.5  0.0485891
16  10.7  0.0443238
16  10.9  0.0405346
16  11.1  0.0371034
16  11.3  0.0340219
16  11.5  0.0312115
16  11.7  0.0286838
16  11.9  0.0263818
18  0.1  667.903
18  0.3  520.356
18  0.5  398.463
18  0.7  298.75
18  0.9  220.806
18  1.1  162.257
18  1.3  119.011
18  1.5  87.3658
18  1.7  64.4028
18  1.9  47.7758
18  2.1  35.7131
18  2.3  26.9262
18  2.5  20.5076
18  2.7  15.7597
18  2.9  12.2257
18  3.1  9.58057
18  3.3  7.57072
18  3.5  6.03676
18  3.7  4.85266
18  3.9  3.93313
18  4.1  3.21173
18  4.3  2.63929
18  4.5  2.18393
18  4.7  1.81876
18  4.9  1.52371
18  5.1  1.28358
18  5.3  1.08669
18  5.5  0.924907
18  5.7  0.789864
18  5.9  0.678765
18  6.1  0.584853
18  6.3  0.506509
18  6.5  0.440034
18  6.7  0.38359
18  6.9  0.335493
18  7.1  0.294305
18  7.3  0.259149
18  7.5  0.228794
18  7.7  0.20261
18  7.9  0.179861
18  8.1  0.16003
18  8.3  0.142727
18  8.5  0.127604
18  8.7  0.114292
18  8.9  0.102654
18  9.1  0.0924011
18  9.3  0.0833287
18  9.5  0.0752825
18  9.7  0.0681424
18  9.9  0.0617806
18  10.1  0.0560914
18  10.3  0.051019
18  10.5  0.0464455
18  10.7  0.0423714
18  10.9  0.038732
18  11.1  0.0354586
18  11.3  0.0324954
18  11.5  0.0298241
18  11.7  0.0274072
18  11.9  0.0252092
20  0.1  645.602
20  0.3  502.831
20  0.5  385.185
20  0.7  288.363
20  0.9  212.814
20  1.1  156.064
20  1.3  114.195
20  1.5  83.6983
20  1.7  61.5882
20  1.9  45.6133
20  2.1  34.054
20  2.3  25.6475
20  2.5  19.5156
20  2.7  14.9855
20  2.9  11.618
20  3.1  9.09704
20  3.3  7.18714
20  3.5  5.72908
20  3.7  4.60331
20  3.9  3.73021
20  4.1  3.04465
20  4.3  2.50189
20  4.5  2.06969
20  4.7  1.72324
20  4.9  1.44351
20  5.1  1.21582
20  5.3  1.02912
20  5.5  0.875984
20  5.7  0.74789
20  5.9  0.642007
20  6.1  0.553982
20  6.3  0.479427
20  6.5  0.416262
20  6.7  0.36302
20  6.9  0.317452
20  7.1  0.27838
20  7.3  0.245036
20  7.5  0.216315
20  7.7  0.191618
20  7.9  0.170099
20  8.1  0.151313
20  8.3  0.13502
20  8.5  0.120636
20  8.7  0.108064
20  8.9  0.0970543
20  9.1  0.0873625
20  9.3  0.0787987
20  9.5  0.0711529
20  9.7  0.0643633
20  9.9  0.0584035
20  10.1  0.0530175
20  10.3  0.0482081
20  10.5  0.0439084
20  10.7  0.0400821
20  10.9  0.036613
20  11.1  0.0334777
20  11.3  0.0307211
20  11.5  0.0281857
20  11.7  0.025895
20  11.9  0.0238186
22  0.1  618.303
22  0.3  481.432
22  0.5  368.641
22  0.7  275.611
22  0.9  203.052
22  1.1  148.598
22  1.3  108.505
22  1.5  79.3813
22  1.7  58.355
22  1.9  43.1661
22  2.1  32.222
22  2.3  24.3083
22  2.5  18.5217
22  2.7  14.2507
22  2.9  11.0909
22  3.1  8.71558
22  3.3  6.93147
22  3.5  5.56966
22  3.7  4.50645
22  3.9  3.616
22  4.1  2.9196
22  4.3  2.36776
22  4.5  1.9364
22  4.7  1.60906
22  4.9  1.34763
22  5.1  1.13548
22  5.3  0.960438
22  5.5  0.817194
22  5.7  0.69768
22  5.9  0.599363
22  6.1  0.51675
22  6.3  0.447075
22  6.5  0.388237
22  6.7  0.338432
22  6.9  0.295879
22  7.1  0.259525
22  7.3  0.228479
22  7.5  0.201601
22  7.7  0.178467
22  7.9  0.158457
22  8.1  0.140998
22  8.3  0.125746
22  8.5  0.112379
22  8.7  0.100657
22  8.9  0.0903928
22  9.1  0.081342
22  9.3  0.073348
22  9.5  0.0662597
22  9.7  0.0599641
22  9.9  0.0543215
22  10.1  0.0493212
22  10.3  0.0448699
22  10.5  0.0408663
22  10.7  0.0372559
22  10.9  0.0340716
22  11.1  0.0311597
22  11.3  0.0285761
22  11.5  0.0262212
22  11.7  0.0240936
22  11.9  0.0221629
24  0.1  583.536
24  0.3  454.359
24  0.5  347.63
24  0.7  259.437
24  0.9  190.621
24  1.1  139.033
24  1.3  101.153
24  1.5  73.7158
24  1.7  53.9758
24  1.9  39.8034
24  2.1  29.6128
24  2.3  22.2361
24  2.5  16.8745
24  2.7  12.9283
24  2.9  10.0089
24  3.1  7.82532
24  3.3  6.17407
24  3.5  4.91529
24  3.7  3.94658
24  3.9  3.19447
24  4.1  2.6056
24  4.3  2.13988
24  4.5  1.76896
24  4.7  1.47185
24  4.9  1.23243
24  5.1  1.03752
24  5.3  0.87793
24  5.5  0.746269
24  5.7  0.637414
24  5.9  0.547519
24  6.1  0.47156
24  6.3  0.408222
24  6.5  0.354255
24  6.7  0.308896
24  6.9  0.26992
24  7.1  0.236811
24  7.3  0.208455
24  7.5  0.18389
24  7.7  0.162752
24  7.9  0.144528
24  8.1  0.128561
24  8.3  0.114616
24  8.5  0.102445
24  8.7  0.0917348
24  8.9  0.0823694
24  9.1  0.0741285
24  9.3  0.0668356
24  9.5  0.0603796
24  9.7  0.0546332
24  9.9  0.0495094
24  10.1  0.0449482
24  10.3  0.0408483
24  10.5  0.0372183
24  10.7  0.0339395
24  10.9  0.0310181
24  11.1  0.0283783
24  11.3  0.0259916
24  11.5  0.0238707
24  11.7  0.0219299
24  11.9  0.0201707
26  0.1  539.792
26  0.3  420.016
26  0.5  321.148
26  0.7  239.092
26  0.9  175.121
26  1.1  127.155
26  1.3  92.1293
26  1.5  66.8851
26  1.7  48.8015
26  1.9  35.8813
26  2.1  26.624
26  2.3  19.9519
26  2.5  15.1131
26  2.7  11.565
26  2.9  8.93876
26  3.1  6.98048
26  3.3  5.50538
26  3.5  4.3789
26  3.7  3.5122
26  3.9  2.84174
26  4.1  2.31706
26  4.3  1.90121
26  4.5  1.57104
26  4.7  1.30727
26  4.9  1.09412
26  5.1  0.920376
26  5.3  0.778399
26  5.5  0.661544
26  5.7  0.564835
26  5.9  0.484915
26  6.1  0.417615
26  6.3  0.361459
26  6.5  0.313766
26  6.7  0.273379
26  6.9  0.238959
26  7.1  0.209487
26  7.3  0.184244
26  7.5  0.162604
26  7.7  0.143932
26  7.9  0.127662
26  8.1  0.113612
26  8.3  0.101299
26  8.5  0.0905108
26  8.7  0.0810557
26  8.9  0.0727697
26  9.1  0.0654681
26  9.3  0.0590066
26  9.5  0.0533082
26  9.7  0.0482211
26  9.9  0.0436968
26  10.1  0.0396477
26  10.3  0.0360423
26  10.5  0.032817
26  10.7  0.0299168
26  10.9  0.0273674
26  11.1  0.0250414
26  11.3  0.022922
26  11.5  0.0210529
26  11.7  0.0193325
26  11.9  0.0177848
28  0.1  483.823
28  0.3  376.431
28  0.5  287.372
28  0.7  213.22
28  0.9  155.476
28  1.1  112.335
28  1.3  80.955
28  1.5  58.4607
28  1.7  42.4527
28  1.9  31.1024
28  2.1  23.0022
28  2.3  17.1887
28  2.5  12.9885
28  2.7  9.92018
28  2.9  7.65299
28  3.1  5.97024
28  3.3  4.70114
28  3.5  3.73606
28  3.7  2.99377
28  3.9  2.4204
28  4.1  1.97084
28  4.3  1.61661
28  4.5  1.33493
28  4.7  1.10946
28  4.9  0.928103
28  5.1  0.780807
28  5.3  0.660417
28  5.5  0.560788
28  5.7  0.478468
28  5.9  0.410678
28  6.1  0.353513
28  6.3  0.305888
28  6.5  0.265308
28  6.7  0.231221
28  6.9  0.202012
28  7.1  0.176942
28  7.3  0.15567
28  7.5  0.137367
28  7.7  0.121511
28  7.9  0.10779
28  8.1  0.0958924
28  8.3  0.0854012
28  8.5  0.076362
28  8.7  0.0683463
28  8.9  0.0613589
28  9.1  0.0551939
28  9.3  0.0497464
28  9.5  0.0449248
28  9.7  0.0406314
28  9.9  0.036822
28  10.1  0.0333983
28  10.3  0.0303775
28  10.5  0.0276381
28  10.7  0.0251888
28  10.9  0.0230147
28  11.1  0.0210587
28  11.3  0.0193137
28  11.5  0.0177143
28  11.7  0.0162749
28  11.9  0.0149584
30  0.1  414.025
30  0.3  321.981
30  0.5  245.406
30  0.7  181.392
30  0.9  131.404
30  1.1  94.2476
30  1.3  67.4176
30  1.5  48.3826
30  1.7  34.9266
30  1.9  25.4587
30  2.1  18.7479
30  2.3  13.9619
30  2.5  10.5181
30  2.7  8.01122
30  2.9  6.16926
30  3.1  4.80304
30  3.3  3.77586
30  3.5  2.99598
30  3.7  2.39724
30  3.9  1.93623
30  4.1  1.57472
30  4.3  1.29045
30  4.5  1.06449
30  4.7  0.884708
30  4.9  0.738978
30  5.1  0.621502
30  5.3  0.525085
30  5.5  0.445625
30  5.7  0.37999
30  5.9  0.325768
30  6.1  0.280444
30  6.3  0.242503
30  6.5  0.210352
30  6.7  0.183134
30  6.9  0.159809
30  7.1  0.14001
30  7.3  0.123218
30  7.5  0.10859
30  7.7  0.0961432
30  7.9  0.0851795
30  8.1  0.075756
30  8.3  0.0674476
30  8.5  0.0602095
30  8.7  0.0539021
30  8.9  0.0483685
30  9.1  0.0435374
30  9.3  0.0391866
30  9.5  0.0354085
30  9.7  0.0320015
30  9.9  0.0289797
30  10.1  0.0263024
30  10.3  0.0239241
30  10.5  0.0217571
30  10.7  0.0198311
30  10.9  0.0181152
30  11.1  0.016561
30  11.3  0.0151797
30  11.5  0.0139353
30  11.7  0.0128018
30  11.9  0.0117582
32  0.1  332.41
32  0.3  258.427
32  0.5  196.616
32  0.7  144.414
32  0.9  103.75
32  1.1  73.7423
32  1.3  52.2779
32  1.5  37.1892
32  1.7  26.6724
32  1.9  19.3234
32  2.1  14.1528
32  2.3  10.4922
32  2.5  7.87237
32  2.7  5.97927
32  2.9  4.59066
32  3.1  3.56532
32  3.3  2.79601
32  3.5  2.21501
32  3.7  1.76945
32  3.9  1.4268
32  4.1  1.15953
32  4.3  0.948326
32  4.5  0.78192
32  4.7  0.647853
32  4.9  0.540608
32  5.1  0.454441
32  5.3  0.383495
32  5.5  0.325374
32  5.7  0.2771
32  5.9  0.237201
32  6.1  0.204104
32  6.3  0.176476
32  6.5  0.153022
32  6.7  0.133023
32  6.9  0.115952
32  7.1  0.101562
32  7.3  0.0892983
32  7.5  0.0787948
32  7.7  0.0696222
32  7.9  0.0616473
32  8.1  0.0548687
32  8.3  0.0488314
32  8.5  0.0435777
32  8.7  0.0389504
32  8.9  0.0349779
32  9.1  0.0314313
32  9.3  0.0283025
32  9.5  0.0255386
32  9.7  0.0230792
32  9.9  0.0209201
32  10.1  0.0190032
32  10.3  0.0172552
32  10.5  0.015707
32  10.7  0.0142904
32  10.9  0.0130755
32  11.1  0.011953
32  11.3  0.0109596
32  11.5  0.0100359
32  11.7  0.00923001
32  11.9  0.00848443
