# fragmentation : Kniehl & Kramer (N=0.694, eps=0.101)
# channel       : An0n
#   dipole file dir       : data/Pb/mve/glauber_mve_<b>
#   pD0 loop             : 0.1 to 12.0 GeV, step 0.2
#   fixed rapidity y      : -1.5
# ============================================================
# b  pD0  dsigma_dy
0  0.1  1225.56
0  0.3  810.765
0  0.5  563.274
0  0.7  397.869
0  0.9  283.816
0  1.1  203.993
0  1.3  147.529
0  1.5  107.272
0  1.7  78.5803
0  1.9  57.9589
0  2.1  43.0887
0  2.3  32.3402
0  2.5  24.4945
0  2.7  18.7306
0  2.9  14.4684
0  3.1  11.2847
0  3.3  8.88375
0  3.5  7.06024
0  3.7  5.65748
0  3.9  4.57118
0  4.1  3.72162
0  4.3  3.05354
0  4.5  2.52272
0  4.7  2.09649
0  4.9  1.75258
0  5.1  1.47429
0  5.3  1.24784
0  5.5  1.0607
0  5.7  0.906257
0  5.9  0.77763
0  6.1  0.669943
0  6.3  0.579531
0  6.5  0.503471
0  6.7  0.439103
0  6.9  0.384123
0  7.1  0.337308
0  7.3  0.296829
0  7.5  0.262196
0  7.7  0.232088
0  7.9  0.206073
0  8.1  0.183732
0  8.3  0.163909
0  8.5  0.146813
0  8.7  0.131566
0  8.9  0.118327
0  9.1  0.106423
0  9.3  0.0961501
0  9.5  0.0869305
0  9.7  0.078619
0  9.9  0.0714973
0  10.1  0.064934
0  10.3  0.0591618
0  10.5  0.0539777
0  10.7  0.0493211
0  10.9  0.0451349
0  11.1  0.041376
0  11.3  0.0379488
0  11.5  0.0349023
0  11.7  0.0320635
0  11.9  0.0295839
2  0.1  1224.72
2  0.3  809.821
2  0.5  562.612
2  0.7  397.358
2  0.9  283.454
2  1.1  203.718
2  1.3  147.32
2  1.5  107.114
2  1.7  78.4586
2  1.9  57.8662
2  2.1  43.0179
2  2.3  32.2855
2  2.5  24.4525
2  2.7  18.6983
2  2.9  14.4428
2  3.1  11.2646
2  3.3  8.8675
2  3.5  7.04745
2  3.7  5.64715
2  3.9  4.56287
2  4.1  3.71481
2  4.3  3.04799
2  4.5  2.51647
2  4.7  2.09255
2  4.9  1.74963
2  5.1  1.47167
2  5.3  1.24549
2  5.5  1.05876
2  5.7  0.904603
2  5.9  0.776151
2  6.1  0.668758
2  6.3  0.578436
2  6.5  0.502506
2  6.7  0.438271
2  6.9  0.383486
2  7.1  0.336661
2  7.3  0.296282
2  7.5  0.261735
2  7.7  0.231642
2  7.9  0.20569
2  8.1  0.183358
2  8.3  0.163735
2  8.5  0.146534
2  8.7  0.13131
2  8.9  0.118099
2  9.1  0.106224
2  9.3  0.0959681
2  9.5  0.086762
2  9.7  0.0784684
2  9.9  0.0713618
2  10.1  0.0648117
2  10.3  0.0591129
2  10.5  0.0539412
2  10.7  0.0492917
2  10.9  0.0450479
2  11.1  0.0412959
2  11.3  0.03788
2  11.5  0.034834
2  11.7  0.0320032
2  11.9  0.0295269
4  0.1  1220.18
4  0.3  807.064
4  0.5  560.575
4  0.7  395.918
4  0.9  282.353
4  1.1  202.904
4  1.3  146.692
4  1.5  106.631
4  1.7  78.0537
4  1.9  57.5872
4  2.1  42.8067
4  2.3  32.1212
4  2.5  24.308
4  2.7  18.5986
4  2.9  14.3666
4  3.1  11.202
4  3.3  8.81838
4  3.5  7.00827
4  3.7  5.61684
4  3.9  4.5375
4  4.1  3.69405
4  4.3  3.03286
4  4.5  2.50378
4  4.7  2.08036
4  4.9  1.74096
4  5.1  1.46314
4  5.3  1.2386
4  5.5  1.05286
4  5.7  0.899475
4  5.9  0.771841
4  6.1  0.664919
4  6.3  0.575175
4  6.5  0.499645
4  6.7  0.435783
4  6.9  0.381286
4  7.1  0.334743
4  7.3  0.294745
4  7.5  0.260115
4  7.7  0.230425
4  7.9  0.204668
4  8.1  0.18233
4  8.3  0.162658
4  8.5  0.145693
4  8.7  0.130466
4  8.9  0.117419
4  9.1  0.105614
4  9.3  0.0954197
4  9.5  0.0862638
4  9.7  0.0780283
4  9.9  0.0708453
4  10.1  0.0644449
4  10.3  0.0587783
4  10.5  0.053628
4  10.7  0.0490078
4  10.9  0.0447931
4  11.1  0.0410567
4  11.3  0.0376601
4  11.5  0.0346327
4  11.7  0.0318559
4  11.9  0.0293988
6  0.1  1213.66
6  0.3  802.346
6  0.5  557.216
6  0.7  393.428
6  0.9  280.517
6  1.1  201.506
6  1.3  145.635
6  1.5  105.825
6  1.7  77.4882
6  1.9  57.1164
6  2.1  42.443
6  2.3  31.843
6  2.5  24.1116
6  2.7  18.4256
6  2.9  14.2371
6  3.1  11.1016
6  3.3  8.7376
6  3.5  6.9442
6  3.7  5.56412
6  3.9  4.49539
6  4.1  3.65978
6  4.3  3.00273
6  4.5  2.48021
6  4.7  2.06227
6  4.9  1.72334
6  5.1  1.44947
6  5.3  1.22641
6  5.5  1.04289
6  5.7  0.890936
6  5.9  0.7645
6  6.1  0.658703
6  6.3  0.569761
6  6.5  0.494872
6  6.7  0.431588
6  6.9  0.377526
6  7.1  0.331482
6  7.3  0.291887
6  7.5  0.257838
6  7.7  0.228155
6  7.9  0.2027
6  8.1  0.180595
6  8.3  0.161209
6  8.5  0.144274
6  8.7  0.129222
6  8.9  0.116225
6  9.1  0.104601
6  9.3  0.0943704
6  9.5  0.0854282
6  9.7  0.0772666
6  9.9  0.070254
6  10.1  0.0638934
6  10.3  0.0582134
6  10.5  0.0531145
6  10.7  0.0485323
6  10.9  0.0443598
6  11.1  0.0406588
6  11.3  0.0372775
6  11.5  0.034281
6  11.7  0.031545
6  11.9  0.0291039
8  0.1  1203.53
8  0.3  795.564
8  0.5  552.357
8  0.7  389.884
8  0.9  277.875
8  1.1  199.525
8  1.3  144.124
8  1.5  104.667
8  1.7  76.6118
8  1.9  56.446
8  2.1  41.9303
8  2.3  31.4494
8  2.5  23.792
8  2.7  18.1994
8  2.9  14.0523
8  3.1  10.9549
8  3.3  8.6229
8  3.5  6.8522
8  3.7  5.49067
8  3.9  4.43593
8  4.1  3.61102
8  4.3  2.96254
8  4.5  2.4465
8  4.7  2.03268
8  4.9  1.70047
8  5.1  1.4305
8  5.3  1.20936
8  5.5  1.02879
8  5.7  0.878936
8  5.9  0.75402
8  6.1  0.649688
8  6.3  0.561901
8  6.5  0.488126
8  6.7  0.425697
8  6.9  0.372323
8  7.1  0.326959
8  7.3  0.287848
8  7.5  0.2542
8  7.7  0.225092
8  7.9  0.199915
8  8.1  0.178021
8  8.3  0.158815
8  8.5  0.142262
8  8.7  0.127572
8  8.9  0.114598
8  9.1  0.103298
8  9.3  0.0932064
8  9.5  0.0842274
8  9.7  0.0762127
8  9.9  0.0692031
8  10.1  0.0630082
8  10.3  0.0573271
8  10.5  0.052298
8  10.7  0.0478519
8  10.9  0.0437527
8  11.1  0.0400828
8  11.3  0.036777
8  11.5  0.0337834
8  11.7  0.0310718
8  11.9  0.0286987
10  0.1  1189.82
10  0.3  786.452
10  0.5  545.967
10  0.7  385.189
10  0.9  274.4
10  1.1  196.896
10  1.3  142.142
10  1.5  103.199
10  1.7  75.4558
10  1.9  55.5633
10  2.1  41.257
10  2.3  30.9258
10  2.5  23.4058
10  2.7  17.8807
10  2.9  13.8115
10  3.1  10.7665
10  3.3  8.47267
10  3.5  6.73161
10  3.7  5.39323
10  3.9  4.35683
10  4.1  3.5466
10  4.3  2.9095
10  4.5  2.40318
10  4.7  1.99696
10  4.9  1.66949
10  5.1  1.40497
10  5.3  1.18799
10  5.5  1.01026
10  5.7  0.862773
10  5.9  0.740411
10  6.1  0.637793
10  6.3  0.551714
10  6.5  0.47919
10  6.7  0.417798
10  6.9  0.365672
10  7.1  0.320925
10  7.3  0.282762
10  7.5  0.249544
10  7.7  0.220926
10  7.9  0.1962
10  8.1  0.17484
10  8.3  0.155907
10  8.5  0.139482
10  8.7  0.125247
10  8.9  0.112494
10  9.1  0.101362
10  9.3  0.0914736
10  9.5  0.082674
10  9.7  0.0747943
10  9.9  0.0679086
10  10.1  0.0618426
10  10.3  0.0562738
10  10.5  0.0514012
10  10.7  0.0469685
10  10.9  0.0429315
10  11.1  0.0393835
10  11.3  0.0361271
10  11.5  0.0331887
10  11.7  0.0304853
10  11.9  0.0281681
12  0.1  1173.15
12  0.3  774.892
12  0.5  537.868
12  0.7  379.148
12  0.9  270.007
12  1.1  193.588
12  1.3  139.618
12  1.5  101.291
12  1.7  74.0031
12  1.9  54.4541
12  2.1  40.4127
12  2.3  30.2803
12  2.5  22.9085
12  2.7  17.4923
12  2.9  13.507
12  3.1  10.5284
12  3.3  8.28403
12  3.5  6.58087
12  3.7  5.27289
12  3.9  4.25833
12  4.1  3.46647
12  4.3  2.84331
12  4.5  2.34855
12  4.7  1.95107
12  4.9  1.63108
12  5.1  1.37255
12  5.3  1.16044
12  5.5  0.986341
12  5.7  0.842705
12  5.9  0.723189
12  6.1  0.623015
12  6.3  0.538877
12  6.5  0.468041
12  6.7  0.408227
12  6.9  0.357164
12  7.1  0.313502
12  7.3  0.27584
12  7.5  0.243737
12  7.7  0.215698
12  7.9  0.191577
12  8.1  0.170707
12  8.3  0.152414
12  8.5  0.136292
12  8.7  0.122319
12  8.9  0.109924
12  9.1  0.0988675
12  9.3  0.0893276
12  9.5  0.080633
12  9.7  0.0730294
12  9.9  0.0663942
12  10.1  0.0603841
12  10.3  0.055012
12  10.5  0.0501955
12  10.7  0.0458561
12  10.9  0.0419658
12  11.1  0.0384031
12  11.3  0.0352729
12  11.5  0.0323809
12  11.7  0.0298086
12  11.9  0.0275083
14  0.1  1152.21
14  0.3  760.761
14  0.5  527.819
14  0.7  371.745
14  0.9  264.563
14  1.1  189.531
14  1.3  136.521
14  1.5  98.9399
14  1.7  72.2175
14  1.9  53.0928
14  2.1  39.3729
14  2.3  29.4845
14  2.5  22.2957
14  2.7  17.0173
14  2.9  13.1362
14  3.1  10.2371
14  3.3  8.05267
14  3.5  6.39595
14  3.7  5.12442
14  3.9  4.13815
14  4.1  3.36843
14  4.3  2.76264
14  4.5  2.28162
14  4.7  1.89497
14  4.9  1.58617
14  5.1  1.33324
14  5.3  1.1272
14  5.5  0.958528
14  5.7  0.818393
14  5.9  0.701984
14  6.1  0.604794
14  6.3  0.523551
14  6.5  0.454427
14  6.7  0.396471
14  6.9  0.346862
14  7.1  0.304379
14  7.3  0.268049
14  7.5  0.236682
14  7.7  0.209526
14  7.9  0.185705
14  8.1  0.165604
14  8.3  0.147796
14  8.5  0.132421
14  8.7  0.118588
14  8.9  0.106671
14  9.1  0.0960909
14  9.3  0.0866551
14  9.5  0.0783693
14  9.7  0.0708924
14  9.9  0.0644391
14  10.1  0.0586057
14  10.3  0.0533899
14  10.5  0.0487143
14  10.7  0.0445074
14  10.9  0.0406752
14  11.1  0.0373144
14  11.3  0.0341897
14  11.5  0.0314204
14  11.7  0.0288775
14  11.9  0.0266495
16  0.1  1126.47
16  0.3  743.327
16  0.5  515.517
16  0.7  362.866
16  0.9  257.942
16  1.1  184.501
16  1.3  132.762
16  1.5  96.0429
16  1.7  70.0514
16  1.9  51.4481
16  2.1  38.1168
16  2.3  28.5246
16  2.5  21.5532
16  2.7  16.4466
16  2.9  12.6929
16  3.1  9.88728
16  3.3  7.77507
16  3.5  6.17565
16  3.7  4.9457
16  3.9  3.99357
16  4.1  3.25003
16  4.3  2.66547
16  4.5  2.20125
16  4.7  1.82953
16  4.9  1.52842
16  5.1  1.28602
16  5.3  1.08735
16  5.5  0.924364
16  5.7  0.789432
16  5.9  0.677201
16  6.1  0.583426
16  6.3  0.504606
16  6.5  0.438264
16  6.7  0.382018
16  6.9  0.334098
16  7.1  0.293444
16  7.3  0.258329
16  7.5  0.227944
16  7.7  0.201826
16  7.9  0.179334
16  8.1  0.159717
16  8.3  0.142507
16  8.5  0.12763
16  8.7  0.114441
16  8.9  0.102851
16  9.1  0.0926097
16  9.3  0.0834381
16  9.5  0.0755059
16  9.7  0.068404
16  9.9  0.0620177
16  10.1  0.0564693
16  10.3  0.051441
16  10.5  0.046944
16  10.7  0.042885
16  10.9  0.039185
16  11.1  0.0359509
16  11.3  0.0329757
16  11.5  0.0302602
16  11.7  0.0278551
16  11.9  0.0257047
18  0.1  1094.75
18  0.3  722.343
18  0.5  500.595
18  0.7  352.157
18  0.9  249.966
18  1.1  178.505
18  1.3  128.23
18  1.5  92.6216
18  1.7  67.4458
18  1.9  49.4689
18  2.1  36.6136
18  2.3  27.3741
18  2.5  20.6721
18  2.7  15.7643
18  2.9  12.1604
18  3.1  9.4704
18  3.3  7.44521
18  3.5  5.91106
18  3.7  4.73417
18  3.9  3.82156
18  4.1  3.10977
18  4.3  2.54991
18  4.5  2.10545
18  4.7  1.74845
18  4.9  1.46173
18  5.1  1.22924
18  5.3  1.0395
18  5.5  0.883686
18  5.7  0.754468
18  5.9  0.647349
18  6.1  0.557577
18  6.3  0.482002
18  6.5  0.418863
18  6.7  0.365206
18  6.9  0.319494
18  7.1  0.280259
18  7.3  0.246844
18  7.5  0.217945
18  7.7  0.193066
18  7.9  0.171118
18  8.1  0.152617
18  8.3  0.13612
18  8.5  0.121732
18  8.7  0.109326
18  8.9  0.0981176
18  9.1  0.0884203
18  9.3  0.0797924
18  9.5  0.0720725
18  9.7  0.0653162
18  9.9  0.0592965
18  10.1  0.0538693
18  10.3  0.0491272
18  10.5  0.0447548
18  10.7  0.0409485
18  10.9  0.0374242
18  11.1  0.0342859
18  11.3  0.0314555
18  11.5  0.0289238
18  11.7  0.0265658
18  11.9  0.0244854
20  0.1  1056.57
20  0.3  696.576
20  0.5  482.364
20  0.7  338.905
20  0.9  240.067
20  1.1  171.19
20  1.3  122.735
20  1.5  88.4836
20  1.7  64.3136
20  1.9  47.0969
20  2.1  34.8208
20  2.3  26.0036
20  2.5  19.6198
20  2.7  14.9591
20  2.9  11.5261
20  3.1  8.97076
20  3.3  7.05149
20  3.5  5.597
20  3.7  4.47679
20  3.9  3.61707
20  4.1  2.94145
20  4.3  2.41251
20  4.5  1.99141
20  4.7  1.65458
20  4.9  1.38234
20  5.1  1.16272
20  5.3  0.982908
20  5.5  0.834717
20  5.7  0.71345
20  5.9  0.611663
20  6.1  0.52708
20  6.3  0.455887
20  6.5  0.395535
20  6.7  0.344975
20  6.9  0.30186
20  7.1  0.264757
20  7.3  0.233219
20  7.5  0.205872
20  7.7  0.182272
20  7.9  0.1618
20  8.1  0.144059
20  8.3  0.128619
20  8.5  0.114974
20  8.7  0.103098
20  8.9  0.0925917
20  9.1  0.0835123
20  9.3  0.075259
20  9.5  0.0680926
20  9.7  0.0616606
20  9.9  0.0559204
20  10.1  0.0508968
20  10.3  0.0463096
20  10.5  0.0422359
20  10.7  0.0386021
20  10.9  0.0353126
20  11.1  0.0323705
20  11.3  0.0296762
20  11.5  0.0272687
20  11.7  0.0250647
20  11.9  0.0231742
22  0.1  1012.09
22  0.3  666.887
22  0.5  461.427
22  0.7  323.952
22  0.9  229.403
22  1.1  163.383
22  1.3  117.059
22  1.5  84.4978
22  1.7  61.496
22  1.9  45.1415
22  2.1  33.0556
22  2.3  24.4847
22  2.5  18.353
22  2.7  13.9754
22  2.9  10.767
22  3.1  8.37576
22  3.3  6.58008
22  3.5  5.22095
22  3.7  4.17877
22  3.9  3.37183
22  4.1  2.74225
22  4.3  2.248
22  4.5  1.85564
22  4.7  1.54165
22  4.9  1.28768
22  5.1  1.0826
22  5.3  0.91512
22  5.5  0.777723
22  5.7  0.663649
22  5.9  0.569405
22  6.1  0.490302
22  6.3  0.424029
22  6.5  0.368211
22  6.7  0.320856
22  6.9  0.280563
22  7.1  0.246282
22  7.3  0.216888
22  7.5  0.191438
22  7.7  0.169543
22  7.9  0.150457
22  8.1  0.133952
22  8.3  0.119485
22  8.5  0.107001
22  8.7  0.0958633
22  8.9  0.0861217
22  9.1  0.0775324
22  9.3  0.0700388
22  9.5  0.0632273
22  9.7  0.0572318
22  9.9  0.05197
22  10.1  0.0472456
22  10.3  0.0430345
22  10.5  0.0392419
22  10.7  0.0359111
22  10.9  0.0328067
22  11.1  0.0300474
22  11.3  0.0275658
22  11.5  0.0253311
22  11.7  0.023313
22  11.9  0.0214993
24  0.1  949.347
24  0.3  625.186
24  0.5  431.648
24  0.7  302.441
24  0.9  213.156
24  1.1  151.175
24  1.3  107.724
24  1.5  77.3193
24  1.7  55.8895
24  1.9  40.7465
24  2.1  30.0246
24  2.3  22.3566
24  2.5  16.8317
24  2.7  12.8128
24  2.9  9.85618
24  3.1  7.66121
24  3.3  6.01526
24  3.5  4.77037
24  3.7  3.81607
24  3.9  3.07832
24  4.1  2.50286
24  4.3  2.05115
24  4.5  1.69252
24  4.7  1.40555
24  4.9  1.17373
24  5.1  0.986745
24  5.3  0.833776
24  5.5  0.708564
24  5.7  0.604592
24  5.9  0.518549
24  6.1  0.446467
24  6.3  0.38594
24  6.5  0.335241
24  6.7  0.292179
24  6.9  0.25537
24  7.1  0.224264
24  7.3  0.197361
24  7.5  0.174281
24  7.7  0.154257
24  7.9  0.13689
24  8.1  0.121887
24  8.3  0.108714
24  8.5  0.0973234
24  8.7  0.0871638
24  8.9  0.0783829
24  9.1  0.0704949
24  9.3  0.0636686
24  9.5  0.0574748
24  9.7  0.0520873
24  9.9  0.0472837
24  10.1  0.0429386
24  10.3  0.0391623
24  10.5  0.0356747
24  10.7  0.0326353
24  10.9  0.029846
24  11.1  0.0273454
24  11.3  0.0250339
24  11.5  0.0230075
24  11.7  0.0211874
24  11.9  0.0194955
26  0.1  874.521
26  0.3  575.239
26  0.5  396.434
26  0.7  276.845
26  0.9  194.545
26  1.1  137.389
26  1.3  97.5214
26  1.5  69.7196
26  1.7  50.2309
26  1.9  36.5144
26  2.1  26.8466
26  2.3  19.9504
26  2.5  14.9905
26  2.7  11.3942
26  2.9  8.75675
26  3.1  6.80019
26  3.3  5.33569
26  3.5  4.22854
26  3.7  3.38045
26  3.9  2.72575
26  4.1  2.2148
26  4.3  1.81454
26  4.5  1.49655
26  4.7  1.24197
26  4.9  1.03772
26  5.1  0.871186
26  5.3  0.736772
26  5.5  0.625697
26  5.7  0.534141
26  5.9  0.457589
26  6.1  0.393871
26  6.3  0.340496
26  6.5  0.295685
26  6.7  0.257719
26  6.9  0.225381
26  7.1  0.19771
26  7.3  0.174002
26  7.5  0.153544
26  7.7  0.135771
26  7.9  0.120638
26  8.1  0.107362
26  8.3  0.0958266
26  8.5  0.0857059
26  8.7  0.076845
26  8.9  0.0690344
26  9.1  0.0621446
26  9.3  0.0560467
26  9.5  0.0506546
26  9.7  0.0458156
26  9.9  0.0416212
26  10.1  0.0378404
26  10.3  0.0344644
26  10.5  0.0314394
26  10.7  0.0287068
26  10.9  0.0262272
26  11.1  0.0240155
26  11.3  0.0220687
26  11.5  0.0202392
26  11.7  0.0186122
26  11.9  0.0171705
28  0.1  779.392
28  0.3  511.885
28  0.5  352.106
28  0.7  245
28  0.9  171.28
28  1.1  120.301
28  1.3  84.9498
28  1.5  60.4169
28  1.7  43.3537
28  1.9  31.3855
28  2.1  22.9908
28  2.3  17.0451
28  2.5  12.7836
28  2.7  9.70123
28  2.9  7.4463
28  3.1  5.77674
28  3.3  4.52675
28  3.5  3.58389
28  3.7  2.86333
28  3.9  2.30704
28  4.1  1.87321
28  4.3  1.53278
28  4.5  1.2637
28  4.7  1.04856
28  4.9  0.876081
28  5.1  0.735141
28  5.3  0.621334
28  5.5  0.527416
28  5.7  0.450101
28  5.9  0.385881
28  6.1  0.331949
28  6.3  0.286906
28  6.5  0.248936
28  6.7  0.216895
28  6.9  0.189571
28  7.1  0.166335
28  7.3  0.146395
28  7.5  0.12919
28  7.7  0.114237
28  7.9  0.101342
28  8.1  0.0901848
28  8.3  0.0805169
28  8.5  0.0720215
28  8.7  0.0644977
28  8.9  0.0579736
28  9.1  0.0521401
28  9.3  0.0470634
28  9.5  0.0425123
28  9.7  0.0384807
28  9.9  0.034934
28  10.1  0.0317556
28  10.3  0.0289095
28  10.5  0.0263958
28  10.7  0.0240853
28  10.9  0.0220257
28  11.1  0.0201416
28  11.3  0.0184717
28  11.5  0.0169931
28  11.7  0.0156035
28  11.9  0.0143843
30  0.1  661.386
30  0.3  433.338
30  0.5  297.27
30  0.7  205.832
30  0.9  142.993
30  1.1  99.7497
30  1.3  69.9575
30  1.5  49.4366
30  1.7  35.2536
30  1.9  25.4107
30  2.1  18.5545
30  2.3  13.7067
30  2.5  10.249
30  2.7  7.76112
30  2.9  5.94465
30  3.1  4.60353
30  3.3  3.60272
30  3.5  2.84895
30  3.7  2.27247
30  3.9  1.82868
30  4.1  1.48444
30  4.3  1.2146
30  4.5  0.999925
30  4.7  0.829942
30  4.9  0.692341
30  5.1  0.581043
30  5.3  0.490465
30  5.5  0.415916
30  5.7  0.355092
30  5.9  0.304142
30  6.1  0.261675
30  6.3  0.22597
30  6.5  0.195871
30  6.7  0.170641
30  6.9  0.149248
30  7.1  0.13071
30  7.3  0.115056
30  7.5  0.10139
30  7.7  0.0897648
30  7.9  0.079553
30  8.1  0.0708133
30  8.3  0.0632004
30  8.5  0.0564677
30  8.7  0.0506518
30  8.9  0.0454383
30  9.1  0.0409275
30  9.3  0.0368897
30  9.5  0.0333303
30  9.7  0.0301513
30  9.9  0.0273707
30  10.1  0.0248746
30  10.3  0.02263
30  10.5  0.0206345
30  10.7  0.0188306
30  10.9  0.0172211
30  11.1  0.0158008
30  11.3  0.0144901
30  11.5  0.0132759
30  11.7  0.0122262
30  11.9  0.0112696
32  0.1  524.726
32  0.3  342.95
32  0.5  234.131
32  0.7  161.091
32  0.9  111.053
32  1.1  76.8247
32  1.3  53.4191
32  1.5  37.4585
32  1.7  26.5322
32  1.9  19.0113
32  2.1  13.8131
32  2.3  10.1624
32  2.5  7.57301
32  2.7  5.71596
32  2.9  4.3681
32  3.1  3.37361
32  3.3  2.63563
32  3.5  2.08104
32  3.7  1.65832
32  3.9  1.33289
32  4.1  1.08016
32  4.3  0.882653
32  4.5  0.72579
32  4.7  0.601948
32  4.9  0.501319
32  5.1  0.420631
32  5.3  0.354759
32  5.5  0.300651
32  5.7  0.256409
32  5.9  0.219839
32  6.1  0.189076
32  6.3  0.163451
32  6.5  0.141671
32  6.7  0.12348
32  6.9  0.107931
32  7.1  0.0946877
32  7.3  0.0832842
32  7.5  0.0734497
32  7.7  0.0649437
32  7.9  0.0576599
32  8.1  0.0512914
32  8.3  0.0456913
32  8.5  0.04081
32  8.7  0.0366018
32  8.9  0.0328294
32  9.1  0.0295332
32  9.3  0.0265895
32  9.5  0.0240083
32  9.7  0.0217106
32  9.9  0.0196793
32  10.1  0.0178702
32  10.3  0.0162458
32  10.5  0.0147747
32  10.7  0.0134889
32  10.9  0.0123104
32  11.1  0.0112858
32  11.3  0.0103361
32  11.5  0.00950514
32  11.7  0.00873676
32  11.9  0.008043
