# fragmentation : LHAPDF (data/prompt-D0-1-109/prompt-D0-1-109_0000.dat, member 0, Q=1.5)
# channel       : An0n
#   dipole file dir       : data/Pb/mve/glauber_mve_<b>
#   pD0 loop             : 0.1 to 12.0 GeV, step 0.2
#   fixed rapidity y      : 1.5
# ============================================================
# b  pD0  dsigma_dy
0  0.1  501.02
0  0.3  380.486
0  0.5  280.365
0  0.7  200.775
0  0.9  142.171
0  1.1  100.407
0  1.3  71.0826
0  1.5  50.561
0  1.7  36.1937
0  1.9  26.1067
0  2.1  18.9829
0  2.3  13.9245
0  2.5  10.3072
0  2.7  7.69924
0  2.9  5.80212
0  3.1  4.40966
0  3.3  3.37986
0  3.5  2.61156
0  3.7  2.03343
0  3.9  1.595
0  4.1  1.2597
0  4.3  1.00171
0  4.5  0.801784
0  4.7  0.645345
0  4.9  0.522502
0  5.1  0.425294
0  5.3  0.347992
0  5.5  0.286124
0  5.7  0.236328
0  5.9  0.19605
0  6.1  0.163373
0  6.3  0.136561
0  6.5  0.114636
0  6.7  0.0966042
0  6.9  0.0816729
0  7.1  0.0693258
0  7.3  0.058987
0  7.5  0.0503351
0  7.7  0.0430734
0  7.9  0.0369353
0  8.1  0.0318084
0  8.3  0.0274419
0  8.5  0.0237304
0  8.7  0.0205701
0  8.9  0.0178728
0  9.1  0.0155605
0  9.3  0.0135738
0  9.5  0.0118624
0  9.7  0.010388
0  9.9  0.00911561
0  10.1  0.0080129
0  10.3  0.00705546
0  10.5  0.00622245
0  10.7  0.00549723
0  10.9  0.00486305
0  11.1  0.00430913
0  11.3  0.00382409
0  11.5  0.0033988
0  11.7  0.00302426
0  11.9  0.0026945
2  0.1  500.597
2  0.3  380.163
2  0.5  280.124
2  0.7  200.599
2  0.9  142.042
2  1.1  100.311
2  1.3  71.0114
2  1.5  50.5079
2  1.7  36.1539
2  1.9  26.0766
2  2.1  18.9602
2  2.3  13.9073
2  2.5  10.2941
2  2.7  7.68922
2  2.9  5.79442
2  3.1  4.40368
2  3.3  3.3752
2  3.5  2.60791
2  3.7  2.03055
2  3.9  1.59271
2  4.1  1.25788
2  4.3  1.00025
2  4.5  0.800604
2  4.7  0.644391
2  4.9  0.521719
2  5.1  0.424653
2  5.3  0.347464
2  5.5  0.285685
2  5.7  0.235965
2  5.9  0.195746
2  6.1  0.163119
2  6.3  0.136349
2  6.5  0.114459
2  6.7  0.0964532
2  6.9  0.0815453
2  7.1  0.0692169
2  7.3  0.0588922
2  7.5  0.0502542
2  7.7  0.0430037
2  7.9  0.0368757
2  8.1  0.0317571
2  8.3  0.0273982
2  8.5  0.0236924
2  8.7  0.0205371
2  8.9  0.0178439
2  9.1  0.0155353
2  9.3  0.0135515
2  9.5  0.0118427
2  9.7  0.0103707
2  9.9  0.00910027
2  10.1  0.00799952
2  10.3  0.00704352
2  10.5  0.00621178
2  10.7  0.00548819
2  10.9  0.00485467
2  11.1  0.0043016
2  11.3  0.00381755
2  11.5  0.00339295
2  11.7  0.00301905
2  11.9  0.00268985
4  0.1  499.302
4  0.3  379.176
4  0.5  279.352
4  0.7  200.074
4  0.9  141.645
4  1.1  100.021
4  1.3  70.7969
4  1.5  50.346
4  1.7  36.0332
4  1.9  25.9853
4  2.1  18.8901
4  2.3  13.8553
4  2.5  10.2553
4  2.7  7.65994
4  2.9  5.77199
4  3.1  4.38678
4  3.3  3.36232
4  3.5  2.59882
4  3.7  2.02346
4  3.9  1.5882
4  4.1  1.25484
4  4.3  0.99845
4  4.5  0.799509
4  4.7  0.644081
4  4.9  0.521918
4  5.1  0.425175
4  5.3  0.34832
4  5.5  0.286807
4  5.7  0.237218
4  5.9  0.197118
4  6.1  0.164465
4  6.3  0.137839
4  6.5  0.115969
4  6.7  0.0979641
4  6.9  0.0830323
4  7.1  0.0706787
4  7.3  0.0603347
4  7.5  0.0516789
4  7.7  0.0444125
4  7.9  0.0382312
4  8.1  0.03273
4  8.3  0.0280549
4  8.5  0.0241242
4  8.7  0.0207886
4  8.9  0.01793
4  9.1  0.0155305
4  9.3  0.0134792
4  9.5  0.0117827
4  9.7  0.0103204
4  9.9  0.00905558
4  10.1  0.00795988
4  10.3  0.00700884
4  10.5  0.00618118
4  10.7  0.00546079
4  10.9  0.00483058
4  11.1  0.00428044
4  11.3  0.00379864
4  11.5  0.00337603
4  11.7  0.00300399
4  11.9  0.00267648
6  0.1  497.168
6  0.3  377.547
6  0.5  278.13
6  0.7  199.168
6  0.9  140.992
6  1.1  99.5356
6  1.3  70.4348
6  1.5  50.0769
6  1.7  35.8311
6  1.9  25.8335
6  2.1  18.777
6  2.3  13.7684
6  2.5  10.1884
6  2.7  7.60835
6  2.9  5.73214
6  3.1  4.35538
6  3.3  3.3376
6  3.5  2.5784
6  3.7  2.00732
6  3.9  1.57429
6  4.1  1.24316
6  4.3  0.988424
6  4.5  0.790956
6  4.7  0.636667
6  4.9  0.515398
6  5.1  0.41949
6  5.3  0.343224
6  5.5  0.282166
6  5.7  0.233053
6  5.9  0.193316
6  6.1  0.161008
6  6.3  0.134634
6  6.5  0.113013
6  6.7  0.0952391
6  6.9  0.0805818
6  7.1  0.0683376
6  7.3  0.0581317
6  7.5  0.0495745
6  7.7  0.0424472
6  7.9  0.0364165
6  8.1  0.031337
6  8.3  0.0270412
6  8.5  0.0233884
6  8.7  0.020271
6  8.9  0.0176123
6  9.1  0.0153321
6  9.3  0.0133728
6  9.5  0.0116882
6  9.7  0.0102345
6  9.9  0.00898025
6  10.1  0.00789375
6  10.3  0.00695031
6  10.5  0.00612955
6  10.7  0.00541542
6  10.9  0.00479014
6  11.1  0.00424456
6  11.3  0.00376673
6  11.5  0.00334765
6  11.7  0.00297884
6  11.9  0.00265398
8  0.1  494.09
8  0.3  375.196
8  0.5  276.382
8  0.7  197.883
8  0.9  140.05
8  1.1  98.8393
8  1.3  69.9018
8  1.5  49.6902
8  1.7  35.5414
8  1.9  25.616
8  2.1  18.6128
8  2.3  13.6442
8  2.5  10.0937
8  2.7  7.5359
8  2.9  5.6764
8  3.1  4.31276
8  3.3  3.30395
8  3.5  2.55206
8  3.7  1.98649
8  3.9  1.55776
8  4.1  1.23001
8  4.3  0.977877
8  4.5  0.782544
8  4.7  0.629733
8  4.9  0.509768
8  5.1  0.414857
8  5.3  0.33941
8  5.5  0.279025
8  5.7  0.230435
8  5.9  0.191138
8  6.1  0.159262
8  6.3  0.133111
8  6.5  0.11173
8  6.7  0.0941456
8  6.9  0.079586
8  7.1  0.067548
8  7.3  0.057469
8  7.5  0.0490372
8  7.7  0.0419567
8  7.9  0.0359775
8  8.1  0.0309805
8  8.3  0.0267274
8  8.5  0.0231107
8  8.7  0.0200312
8  8.9  0.0174038
8  9.1  0.0151512
8  9.3  0.0132161
8  9.5  0.0115493
8  9.7  0.0101134
8  9.9  0.00887397
8  10.1  0.00780019
8  10.3  0.00686769
8  10.5  0.0060567
8  10.7  0.00535086
8  10.9  0.00473297
8  11.1  0.00419379
8  11.3  0.00372163
8  11.5  0.00330747
8  11.7  0.00294301
8  11.9  0.00262189
10  0.1  489.981
10  0.3  372.066
10  0.5  274.063
10  0.7  196.19
10  0.9  138.797
10  1.1  97.9152
10  1.3  69.2322
10  1.5  49.1774
10  1.7  35.1574
10  1.9  25.3285
10  2.1  18.3946
10  2.3  13.4807
10  2.5  9.97047
10  2.7  7.44262
10  2.9  5.60484
10  3.1  4.25791
10  3.3  3.26243
10  3.5  2.51952
10  3.7  1.96153
10  3.9  1.53965
10  4.1  1.21623
10  4.3  0.96754
10  4.5  0.774591
10  4.7  0.624126
10  4.9  0.50566
10  5.1  0.412048
10  5.3  0.337567
10  5.5  0.278011
10  5.7  0.230047
10  5.9  0.19113
10  6.1  0.159591
10  6.3  0.133735
10  6.5  0.112502
10  6.7  0.0950807
10  6.9  0.0806778
10  7.1  0.0687282
10  7.3  0.058706
10  7.5  0.0503445
10  7.7  0.0432487
10  7.9  0.0372669
10  8.1  0.0318711
10  8.3  0.0273134
10  8.5  0.0234336
10  8.7  0.020143
10  8.9  0.0173957
10  9.1  0.0150174
10  9.3  0.013031
10  9.5  0.0113639
10  9.7  0.00995349
10  9.9  0.00873324
10  10.1  0.00767608
10  10.3  0.00675848
10  10.5  0.00596022
10  10.7  0.00526487
10  10.9  0.00465734
10  11.1  0.00412654
10  11.3  0.00366183
10  11.5  0.00325412
10  11.7  0.00289548
10  11.9  0.00257951
12  0.1  484.807
12  0.3  368.11
12  0.5  271.114
12  0.7  194.013
12  0.9  137.214
12  1.1  96.7456
12  1.3  68.3447
12  1.5  48.5298
12  1.7  34.6729
12  1.9  24.9647
12  2.1  18.122
12  2.3  13.2729
12  2.5  9.81118
12  2.7  7.31998
12  2.9  5.51036
12  3.1  4.18386
12  3.3  3.20389
12  3.5  2.47365
12  3.7  1.92468
12  3.9  1.50874
12  4.1  1.19091
12  4.3  0.946543
12  4.5  0.75726
12  4.7  0.609229
12  4.9  0.493053
12  5.1  0.401166
12  5.3  0.328142
12  5.5  0.269707
12  5.7  0.2227
12  5.9  0.184687
12  6.1  0.153868
12  6.3  0.128578
12  6.5  0.107911
12  6.7  0.0909159
12  6.9  0.0769095
12  7.1  0.0652167
12  7.3  0.0554792
12  7.5  0.0473341
12  7.7  0.0404956
12  7.9  0.0347203
12  8.1  0.0298964
12  8.3  0.0257901
12  8.5  0.0222973
12  8.7  0.0193249
12  8.9  0.0167888
12  9.1  0.0146146
12  9.3  0.012747
12  9.5  0.0111388
12  9.7  0.0097524
12  9.9  0.00855671
12  10.1  0.00752079
12  10.3  0.0066214
12  10.5  0.00583909
12  10.7  0.0051578
12  10.9  0.0045624
12  11.1  0.00404244
12  11.3  0.00358701
12  11.5  0.0031876
12  11.7  0.00283624
12  11.9  0.00252656
14  0.1  478.342
14  0.3  363.177
14  0.5  267.445
14  0.7  191.327
14  0.9  135.241
14  1.1  95.2926
14  1.3  67.2821
14  1.5  47.726
14  1.7  34.0717
14  1.9  24.5146
14  2.1  17.7836
14  2.3  13.0171
14  2.5  9.61677
14  2.7  7.17152
14  2.9  5.39618
14  3.1  4.09571
14  3.3  3.13527
14  3.5  2.41989
14  3.7  1.88235
14  3.9  1.4752
14  4.1  1.16413
14  4.3  0.925079
14  4.5  0.739944
14  4.7  0.595184
14  4.9  0.481607
14  5.1  0.391795
14  5.3  0.320434
14  5.5  0.263338
14  5.7  0.217412
14  5.9  0.180276
14  6.1  0.150116
14  6.3  0.125482
14  6.5  0.105301
14  6.7  0.0887114
14  6.9  0.0750393
14  7.1  0.0636238
14  7.3  0.0541197
14  7.5  0.0461701
14  7.7  0.0394984
14  7.9  0.0338629
14  8.1  0.0291542
14  8.3  0.0251486
14  8.5  0.0217424
14  8.7  0.0188424
14  8.9  0.0163683
14  9.1  0.0142477
14  9.3  0.0124271
14  9.5  0.0108591
14  9.7  0.00950708
14  9.9  0.00834066
14  10.1  0.00733056
14  10.3  0.00645357
14  10.5  0.00569075
14  10.7  0.00502665
14  10.9  0.00444608
14  11.1  0.00393913
14  11.3  0.00349523
14  11.5  0.00310581
14  11.7  0.00276327
14  11.9  0.00246151
16  0.1  470.391
16  0.3  357.109
16  0.5  262.931
16  0.7  188.006
16  0.9  132.817
16  1.1  93.5112
16  1.3  65.9605
16  1.5  46.7409
16  1.7  33.3367
16  1.9  23.9579
16  2.1  17.3709
16  2.3  12.7055
16  2.5  9.38019
16  2.7  6.99107
16  2.9  5.25756
16  3.1  3.98859
16  3.3  3.05188
16  3.5  2.35463
16  3.7  1.83093
16  3.9  1.4345
16  4.1  1.13167
16  4.3  0.899055
16  4.5  0.71882
16  4.7  0.578175
16  4.9  0.467744
16  5.1  0.380451
16  5.3  0.311101
16  5.5  0.255623
16  5.7  0.211002
16  5.9  0.174949
16  6.1  0.14566
16  6.3  0.121738
16  6.5  0.102149
16  6.7  0.0860462
16  6.9  0.0727761
16  7.1  0.0616989
16  7.3  0.052477
16  7.5  0.0447639
16  7.7  0.0382917
16  7.9  0.0328254
16  8.1  0.0282585
16  8.3  0.0243745
16  8.5  0.021071
16  8.7  0.0182599
16  8.9  0.0158607
16  9.1  0.013804
16  9.3  0.0120389
16  9.5  0.0105195
16  9.7  0.00920882
16  9.9  0.00807865
16  10.1  0.00710036
16  10.3  0.00625043
16  10.5  0.00551132
16  10.7  0.00486806
16  10.9  0.00430576
16  11.1  0.00381477
16  11.3  0.00338472
16  11.5  0.00300745
16  11.7  0.00267563
16  11.9  0.00238317
18  0.1  460.64
18  0.3  349.662
18  0.5  257.393
18  0.7  184.067
18  0.9  129.848
18  1.1  91.3313
18  1.3  64.3463
18  1.5  45.5404
18  1.7  32.4414
18  1.9  23.2903
18  2.1  16.8698
18  2.3  12.3276
18  2.5  9.09356
18  2.7  6.77258
18  2.9  5.0899
18  3.1  3.85918
18  3.3  2.95125
18  3.5  2.27595
18  3.7  1.76902
18  3.9  1.38546
18  4.1  1.0926
18  4.3  0.86775
18  4.5  0.693582
18  4.7  0.557727
18  4.9  0.451087
18  5.1  0.366824
18  5.3  0.299892
18  5.5  0.246365
18  5.7  0.203319
18  5.9  0.168549
18  6.1  0.140307
18  6.3  0.117258
18  6.5  0.0983647
18  6.7  0.0828476
18  6.9  0.0700617
18  7.1  0.0593906
18  7.3  0.050507
18  7.5  0.0430789
18  7.7  0.0368455
18  7.9  0.0315832
18  8.1  0.0271681
18  8.3  0.0234476
18  8.5  0.0202674
18  8.7  0.0175613
18  8.9  0.0152528
18  9.1  0.0132741
18  9.3  0.0115757
18  9.5  0.0101146
18  9.7  0.00885335
18  9.9  0.00776617
18  10.1  0.00682491
18  10.3  0.00600732
18  10.5  0.0052967
18  10.7  0.00467812
18  10.9  0.00413775
18  11.1  0.00366533
18  11.3  0.00325193
18  11.5  0.00288917
18  11.7  0.00257028
18  11.9  0.00228925
20  0.1  448.604
20  0.3  340.475
20  0.5  250.568
20  0.7  179.073
20  0.9  126.2
20  1.1  88.6481
20  1.3  62.3667
20  1.5  44.07
20  1.7  31.3537
20  1.9  22.4764
20  2.1  16.2604
20  2.3  11.8686
20  2.5  8.746
20  2.7  6.50797
20  2.9  4.88709
20  3.1  3.70283
20  3.3  2.82974
20  3.5  2.18103
20  3.7  1.69437
20  3.9  1.32637
20  4.1  1.0455
20  4.3  0.830043
20  4.5  0.6632
20  4.7  0.533125
20  4.9  0.43105
20  5.1  0.350433
20  5.3  0.286411
20  5.5  0.235205
20  5.7  0.194088
20  5.9  0.160854
20  6.1  0.133883
20  6.3  0.111862
20  6.5  0.0938191
20  6.7  0.0790409
20  6.9  0.0667787
20  7.1  0.0566205
20  7.3  0.0481434
20  7.5  0.0410556
20  7.7  0.0350965
20  7.9  0.0300905
20  8.1  0.0258805
20  8.3  0.0223349
20  8.5  0.0193039
20  8.7  0.0167253
20  8.9  0.0145251
20  9.1  0.012639
20  9.3  0.0110205
20  9.5  0.00962798
20  9.7  0.00842699
20  9.9  0.00739172
20  10.1  0.00649535
20  10.3  0.00571673
20  10.5  0.00504012
20  10.7  0.0044509
20  10.9  0.00393663
20  11.1  0.00348675
20  11.3  0.00309318
20  11.5  0.00274795
20  11.7  0.00244444
20  11.9  0.0021771
22  0.1  433.59
22  0.3  329.055
22  0.5  242.06
22  0.7  172.847
22  0.9  121.661
22  1.1  85.3099
22  1.3  59.9135
22  1.5  42.2536
22  1.7  30.0072
22  1.9  21.4748
22  2.1  15.5126
22  2.3  11.3065
22  2.5  8.32126
22  2.7  6.18494
22  2.9  4.63989
22  3.1  3.51238
22  3.3  2.68188
22  3.5  2.06575
22  3.7  1.60374
22  3.9  1.25462
22  4.1  0.988446
22  4.3  0.784337
22  4.5  0.626421
22  4.7  0.503349
22  4.9  0.406799
22  5.1  0.330586
22  5.3  0.270123
22  5.5  0.221781
22  5.7  0.182944
22  5.9  0.151595
22  6.1  0.126133
22  6.3  0.105354
22  6.5  0.0883393
22  6.7  0.0743739
22  6.9  0.062828
22  7.1  0.0532901
22  7.3  0.0452971
22  7.5  0.0386147
22  7.7  0.0330146
22  7.9  0.0282966
22  8.1  0.0243475
22  8.3  0.0209717
22  8.5  0.0181447
22  8.7  0.015719
22  8.9  0.0136443
22  9.1  0.0118577
22  9.3  0.0103502
22  9.5  0.00903032
22  9.7  0.00790209
22  9.9  0.00693924
22  10.1  0.00608827
22  10.3  0.00536581
22  10.5  0.00473073
22  10.7  0.00417793
22  10.9  0.00369468
22  11.1  0.00326718
22  11.3  0.00289811
22  11.5  0.00257743
22  11.7  0.00229236
22  11.9  0.00204154
24  0.1  414.544
24  0.3  314.541
24  0.5  231.291
24  0.7  164.99
24  0.9  115.932
24  1.1  81.1794
24  1.3  56.811
24  1.5  39.9809
24  1.7  28.3279
24  1.9  20.2293
24  2.1  14.5807
24  2.3  10.611
24  2.5  7.79629
24  2.7  5.78673
24  2.9  4.33582
24  3.1  3.27839
24  3.3  2.50048
24  3.5  1.92444
24  3.7  1.49278
24  3.9  1.16704
24  4.1  0.918687
24  4.3  0.728569
24  4.5  0.581517
24  4.7  0.467058
24  4.9  0.377277
24  5.1  0.306467
24  5.3  0.25027
24  5.5  0.205396
24  5.7  0.169371
24  5.9  0.140289
24  6.1  0.116695
24  6.3  0.0974398
24  6.5  0.0816806
24  6.7  0.0688027
24  6.9  0.058101
24  7.1  0.0492227
24  7.3  0.0418365
24  7.5  0.0356618
24  7.7  0.0304641
24  7.9  0.0261152
24  8.1  0.0224538
24  8.3  0.0193722
24  8.5  0.0167372
24  8.7  0.0144958
24  8.9  0.0125845
24  9.1  0.0109469
24  9.3  0.00954166
24  9.5  0.0083341
24  9.7  0.00729222
24  9.9  0.00639508
24  10.1  0.00561721
24  10.3  0.00494293
24  10.5  0.00435714
24  10.7  0.00384667
24  10.9  0.00340142
24  11.1  0.00301218
24  11.3  0.00267148
24  11.5  0.00237265
24  11.7  0.00211007
24  11.9  0.00187897
26  0.1  389.982
26  0.3  295.8
26  0.5  217.404
26  0.7  154.877
26  0.9  108.571
26  1.1  75.803
26  1.3  52.8817
26  1.5  37.0944
26  1.7  26.205
26  1.9  18.6635
26  2.1  13.4196
26  2.3  9.74166
26  2.5  7.14229
26  2.7  5.29077
26  2.9  3.95824
26  3.1  2.98818
26  3.3  2.2761
26  3.5  1.74989
26  3.7  1.35582
26  3.9  1.05877
26  4.1  0.832753
26  4.3  0.659892
26  4.5  0.526405
26  4.7  0.422448
26  4.9  0.341027
26  5.1  0.276821
26  5.3  0.22594
26  5.5  0.185354
26  5.7  0.152837
26  5.9  0.126497
26  6.1  0.105148
26  6.3  0.0878663
26  6.5  0.073578
26  6.7  0.0619537
26  6.9  0.0523201
26  7.1  0.0443105
26  7.3  0.0376814
26  7.5  0.0321421
26  7.7  0.0275098
26  7.9  0.0235836
26  8.1  0.0202393
26  8.3  0.0174071
26  8.5  0.0150356
26  8.7  0.0130065
26  8.9  0.0112918
26  9.1  0.00980371
26  9.3  0.00854448
26  9.5  0.00747014
26  9.7  0.00653542
26  9.9  0.00572996
26  10.1  0.00503213
26  10.3  0.00442734
26  10.5  0.00390181
26  10.7  0.00344424
26  10.9  0.00304479
26  11.1  0.00269594
26  11.3  0.0023904
26  11.5  0.00212265
26  11.7  0.00188742
26  11.9  0.00168053
28  0.1  357.962
28  0.3  271.49
28  0.5  199.343
28  0.7  141.737
28  0.9  99.0651
28  1.1  68.8672
28  1.3  47.8661
28  1.5  33.4221
28  1.7  23.5053
28  1.9  16.6818
28  2.1  11.9532
28  2.3  8.65299
28  2.5  6.32696
28  2.7  4.67542
28  2.9  3.4902
28  3.1  2.62998
28  3.3  1.99975
28  3.5  1.53484
28  3.7  1.18742
28  3.9  0.92606
28  4.1  0.727565
28  4.3  0.575896
28  4.5  0.458859
28  4.7  0.367963
28  4.9  0.296787
28  5.1  0.240661
28  5.3  0.1963
28  5.5  0.16092
28  5.7  0.132568
28  5.9  0.109666
28  6.1  0.0911266
28  6.3  0.0760158
28  6.5  0.0636653
28  6.7  0.0535761
28  6.9  0.0452069
28  7.1  0.0382664
28  7.3  0.0324716
28  7.5  0.0276597
28  7.7  0.0236288
28  7.9  0.0202557
28  8.1  0.0173928
28  8.3  0.014996
28  8.5  0.0129495
28  8.7  0.0112082
28  8.9  0.00972371
28  9.1  0.00844394
28  9.3  0.00736471
28  9.5  0.00642892
28  9.7  0.00562204
28  9.9  0.00492791
28  10.1  0.00432663
28  10.3  0.00380568
28  10.5  0.00335277
28  10.7  0.00295937
28  10.9  0.00261529
28  11.1  0.0023152
28  11.3  0.00205214
28  11.5  0.00182185
28  11.7  0.00161958
28  11.9  0.00144168
30  0.1  317.018
30  0.3  240.296
30  0.5  176.302
30  0.7  124.992
30  0.9  87.0125
30  1.1  60.2108
30  1.3  41.6381
30  1.5  28.9432
30  1.7  20.2769
30  1.9  14.3386
30  2.1  10.1986
30  2.3  7.33069
30  2.5  5.33801
30  2.7  3.93247
30  2.9  2.92604
30  3.1  2.19967
30  3.3  1.66858
30  3.5  1.27828
30  3.7  0.986834
30  3.9  0.768172
30  4.1  0.60258
30  4.3  0.4764
30  4.5  0.379163
30  4.7  0.303537
30  4.9  0.244539
30  5.1  0.198054
30  5.3  0.161374
30  5.5  0.132165
30  5.7  0.108824
30  5.9  0.0899616
30  6.1  0.0746435
30  6.3  0.0622164
30  6.5  0.0520753
30  6.7  0.0437898
30  6.9  0.0369244
30  7.1  0.0312356
30  7.3  0.0265101
30  7.5  0.0225678
30  7.7  0.0192667
30  7.9  0.0164953
30  8.1  0.0141673
30  8.3  0.0121997
30  8.5  0.0105298
30  8.7  0.00910996
30  8.9  0.00789995
30  9.1  0.00686484
30  9.3  0.00597775
30  9.5  0.00521593
30  9.7  0.00455898
30  9.9  0.00399441
30  10.1  0.00350585
30  10.3  0.00308282
30  10.5  0.002715
30  10.7  0.00239556
30  10.9  0.00211636
30  11.1  0.00187278
30  11.3  0.0016596
30  11.5  0.00147289
30  11.7  0.00130894
30  11.9  0.00116472
32  0.1  266.743
32  0.3  202.128
32  0.5  148.074
32  0.7  104.487
32  0.9  72.2885
32  1.1  49.6263
32  1.3  34.0341
32  1.5  23.4616
32  1.7  16.3009
32  1.9  11.435
32  2.1  8.11117
32  2.3  5.8173
32  2.5  4.21869
32  2.7  3.09483
32  2.9  2.29499
32  3.1  1.71919
32  3.3  1.30014
32  3.5  0.993029
32  3.7  0.76491
32  3.9  0.594098
32  4.1  0.465237
32  4.3  0.366865
32  4.5  0.291429
32  4.7  0.232979
32  4.9  0.187457
32  5.1  0.151555
32  5.3  0.123382
32  5.5  0.100912
32  5.7  0.0829409
32  5.9  0.068489
32  6.1  0.05679
32  6.3  0.0472985
32  6.5  0.0395195
32  6.7  0.0331991
32  6.9  0.0279685
32  7.1  0.0236404
32  7.3  0.0200479
32  7.5  0.0170524
32  7.7  0.014548
32  7.9  0.0124462
32  8.1  0.0106821
32  8.3  0.00919165
32  8.5  0.00792928
32  8.7  0.00685514
32  8.9  0.00594037
32  9.1  0.00515871
32  9.3  0.00448988
32  9.5  0.00391457
32  9.7  0.00342007
32  9.9  0.00299485
32  10.1  0.00262751
32  10.3  0.00230928
32  10.5  0.00203303
32  10.7  0.00179272
32  10.9  0.0015832
32  11.1  0.00140013
32  11.3  0.00124023
32  11.5  0.00110025
32  11.7  0.000977216
32  11.9  0.000869121
