# fragmentation : BCFY (r=0.1)
# channel       : An0n
#   dipole file dir       : data/Pb/mve/glauber_mve_<b>
#   pD0 loop             : 0.1 to 12.0 GeV, step 0.2
#   fixed rapidity y      : -2.0
# ============================================================
# b  pD0  dsigma_dy
0  0.1  1129.53
0  0.3  895.195
0  0.5  711.962
0  0.7  559.552
0  0.9  435.722
0  1.1  337.052
0  1.3  259.205
0  1.5  198.437
0  1.7  151.376
0  1.9  115.349
0  2.1  87.8901
0  2.3  67.1729
0  2.5  51.564
0  2.7  39.783
0  2.9  30.9148
0  3.1  24.2192
0  3.3  19.1052
0  3.5  15.1937
0  3.7  12.1818
0  3.9  9.84579
0  4.1  8.00964
0  4.3  6.56318
0  4.5  5.41275
0  4.7  4.49409
0  4.9  3.75598
0  5.1  3.15375
0  5.3  2.66248
0  5.5  2.26114
0  5.7  1.92818
0  5.9  1.65267
0  6.1  1.4226
0  6.3  1.22976
0  6.5  1.0668
0  6.7  0.928676
0  6.9  0.811163
0  7.1  0.711318
0  7.3  0.636242
0  7.5  0.571391
0  7.7  0.514279
0  7.9  0.463964
0  8.1  0.420048
0  8.3  0.38093
0  8.5  0.346358
0  8.7  0.315433
0  8.9  0.288031
0  9.1  0.263512
0  9.3  0.241594
0  9.5  0.22169
0  9.7  0.203928
0  9.9  0.187993
0  10.1  0.173435
0  10.3  0.160312
0  10.5  0.148445
0  10.7  0.137609
0  10.9  0.127723
0  11.1  0.118742
0  11.3  0.110548
0  11.5  0.102983
0  11.7  0.0961062
0  11.9  0.0896624
2  0.1  1128.37
2  0.3  894.138
2  0.5  711.099
2  0.7  558.856
2  0.9  435.22
2  1.1  336.611
2  1.3  258.843
2  1.5  198.143
2  1.7  151.146
2  1.9  115.16
2  2.1  87.7414
2  2.3  67.0358
2  2.5  51.4694
2  2.7  39.7102
2  2.9  30.8579
2  3.1  24.1647
2  3.3  19.0761
2  3.5  15.1649
2  3.7  12.1587
2  3.9  9.82706
2  4.1  7.99424
2  4.3  6.5506
2  4.5  5.40231
2  4.7  4.48692
2  4.9  3.74877
2  5.1  3.14773
2  5.3  2.65737
2  5.5  2.25645
2  5.7  1.92442
2  5.9  1.64948
2  6.1  1.41978
2  6.3  1.22739
2  6.5  1.0647
2  6.7  0.926854
2  6.9  0.809682
2  7.1  0.70995
2  7.3  0.635201
2  7.5  0.570258
2  7.7  0.513288
2  7.9  0.463072
2  8.1  0.419245
2  8.3  0.380192
2  8.5  0.345693
2  8.7  0.314842
2  8.9  0.287412
2  9.1  0.263008
2  9.3  0.241126
2  9.5  0.221256
2  9.7  0.203664
2  9.9  0.187682
2  10.1  0.173161
2  10.3  0.159994
2  10.5  0.148154
2  10.7  0.137339
2  10.9  0.127476
2  11.1  0.118509
2  11.3  0.110336
2  11.5  0.10278
2  11.7  0.095918
2  11.9  0.0895788
4  0.1  1123.9
4  0.3  891.2
4  0.5  708.764
4  0.7  556.743
4  0.9  433.426
4  1.1  335.241
4  1.3  257.765
4  1.5  197.255
4  1.7  150.43
4  1.9  114.569
4  2.1  87.2922
4  2.3  66.6783
4  2.5  51.1682
4  2.7  39.5132
4  2.9  30.6841
4  3.1  24.0371
4  3.3  18.9598
4  3.5  15.0856
4  3.7  12.0892
4  3.9  9.77069
4  4.1  7.94527
4  4.3  6.51254
4  4.5  5.37095
4  4.7  4.45928
4  4.9  3.72714
4  5.1  3.12942
4  5.3  2.64208
4  5.5  2.24368
4  5.7  1.91349
4  5.9  1.63973
4  6.1  1.41158
4  6.3  1.21958
4  6.5  1.0584
4  6.7  0.92143
4  6.9  0.80482
4  7.1  0.705721
4  7.3  0.631669
4  7.5  0.566781
4  7.7  0.510314
4  7.9  0.46038
4  8.1  0.416796
4  8.3  0.377959
4  8.5  0.343676
4  8.7  0.313001
4  8.9  0.285692
4  9.1  0.261494
4  9.3  0.239589
4  9.5  0.219946
4  9.7  0.202357
4  9.9  0.186587
4  10.1  0.17215
4  10.3  0.15908
4  10.5  0.147301
4  10.7  0.136557
4  10.9  0.126738
4  11.1  0.117822
4  11.3  0.109692
4  11.5  0.10217
4  11.7  0.095369
4  11.9  0.0890443
6  0.1  1116.99
6  0.3  885.758
6  0.5  704.111
6  0.7  553.265
6  0.9  430.646
6  1.1  332.961
6  1.3  255.903
6  1.5  195.73
6  1.7  149.214
6  1.9  113.614
6  2.1  86.5309
6  2.3  66.0794
6  2.5  50.7204
6  2.7  39.1208
6  2.9  30.4087
6  3.1  23.8062
6  3.3  18.7848
6  3.5  14.935
6  3.7  11.9705
6  3.9  9.66836
6  4.1  7.86756
6  4.3  6.44865
6  4.5  5.31662
6  4.7  4.41677
6  4.9  3.69015
6  5.1  3.09968
6  5.3  2.61667
6  5.5  2.22187
6  5.7  1.89449
6  5.9  1.6236
6  6.1  1.39787
6  6.3  1.20793
6  6.5  1.04794
6  6.7  0.912394
6  6.9  0.797235
6  7.1  0.698736
6  7.3  0.625243
6  7.5  0.561393
6  7.7  0.505274
6  7.9  0.45594
6  8.1  0.412728
6  8.3  0.374266
6  8.5  0.340022
6  8.7  0.310006
6  8.9  0.282936
6  9.1  0.258928
6  9.3  0.237261
6  9.5  0.21779
6  9.7  0.200364
6  9.9  0.184771
6  10.1  0.170415
6  10.3  0.157548
6  10.5  0.145845
6  10.7  0.13522
6  10.9  0.125557
6  11.1  0.116705
6  11.3  0.108613
6  11.5  0.1012
6  11.7  0.0944238
6  11.9  0.0881078
8  0.1  1107.45
8  0.3  877.812
8  0.5  697.89
8  0.7  548.23
8  0.9  426.671
8  1.1  329.685
8  1.3  253.226
8  1.5  193.621
8  1.7  147.529
8  1.9  112.256
8  2.1  85.4552
8  2.3  65.2332
8  2.5  50.026
8  2.7  38.6127
8  2.9  29.9892
8  3.1  23.4674
8  3.3  18.5222
8  3.5  14.7277
8  3.7  11.8039
8  3.9  9.53566
8  4.1  7.75847
8  4.3  6.35972
8  4.5  5.24357
8  4.7  4.35416
8  4.9  3.63829
8  5.1  3.05602
8  5.3  2.58067
8  5.5  2.19017
8  5.7  1.86729
8  5.9  1.60069
8  6.1  1.37755
8  6.3  1.19086
8  6.5  1.0332
8  6.7  0.899346
8  6.9  0.7856
8  7.1  0.688831
8  7.3  0.616396
8  7.5  0.553383
8  7.7  0.497984
8  7.9  0.449494
8  8.1  0.406885
8  8.3  0.369001
8  8.5  0.335258
8  8.7  0.305708
8  8.9  0.279028
8  9.1  0.255271
8  9.3  0.233965
8  9.5  0.214733
8  9.7  0.197517
8  9.9  0.182039
8  10.1  0.168022
8  10.3  0.155364
8  10.5  0.143787
8  10.7  0.133288
8  10.9  0.123753
8  11.1  0.115059
8  11.3  0.107068
8  11.5  0.0997857
8  11.7  0.09301
8  11.9  0.0868718
10  0.1  1094.86
10  0.3  867.89
10  0.5  689.681
10  0.7  541.609
10  0.9  421.225
10  1.1  325.341
10  1.3  249.699
10  1.5  190.842
10  1.7  145.28
10  1.9  110.484
10  2.1  84.0357
10  2.3  64.1174
10  2.5  49.1761
10  2.7  37.9091
10  2.9  29.4386
10  3.1  23.0407
10  3.3  18.1822
10  3.5  14.46
10  3.7  11.5874
10  3.9  9.35935
10  4.1  7.61587
10  4.3  6.23973
10  4.5  5.14583
10  4.7  4.27167
10  4.9  3.57002
10  5.1  2.99859
10  5.3  2.53217
10  5.5  2.14879
10  5.7  1.83229
10  5.9  1.57021
10  6.1  1.35218
10  6.3  1.16877
10  6.5  1.01365
10  6.7  0.882543
10  6.9  0.771124
10  7.1  0.675896
10  7.3  0.60475
10  7.5  0.543018
10  7.7  0.488777
10  7.9  0.441056
10  8.1  0.399149
10  8.3  0.362139
10  8.5  0.32915
10  8.7  0.299791
10  8.9  0.273804
10  9.1  0.250509
10  9.3  0.229637
10  9.5  0.210751
10  9.7  0.193831
10  9.9  0.178611
10  10.1  0.164956
10  10.3  0.152423
10  10.5  0.141104
10  10.7  0.130845
10  10.9  0.121446
10  11.1  0.112937
10  11.3  0.105088
10  11.5  0.0979364
10  11.7  0.0913845
10  11.9  0.0853187
12  0.1  1078.46
12  0.3  854.52
12  0.5  679.147
12  0.7  533.134
12  0.9  414.579
12  1.1  319.859
12  1.3  245.363
12  1.5  187.307
12  1.7  142.452
12  1.9  108.22
12  2.1  82.2778
12  2.3  62.7139
12  2.5  48.0811
12  2.7  37.0599
12  2.9  28.7606
12  3.1  22.5139
12  3.3  17.7524
12  3.5  14.113
12  3.7  11.3072
12  3.9  9.13434
12  4.1  7.43408
12  4.3  6.09091
12  4.5  5.02312
12  4.7  4.17152
12  4.9  3.48484
12  5.1  2.92708
12  5.3  2.47095
12  5.5  2.09723
12  5.7  1.78825
12  5.9  1.53287
12  6.1  1.31949
12  6.3  1.14065
12  6.5  0.989474
12  6.7  0.86136
12  6.9  0.752669
12  7.1  0.659647
12  7.3  0.590401
12  7.5  0.530077
12  7.7  0.477028
12  7.9  0.430589
12  8.1  0.389716
12  8.3  0.353587
12  8.5  0.321315
12  8.7  0.292716
12  8.9  0.267314
12  9.1  0.24461
12  9.3  0.224247
12  9.5  0.205728
12  9.7  0.189274
12  9.9  0.174386
12  10.1  0.160953
12  10.3  0.148833
12  10.5  0.137843
12  10.7  0.127794
12  10.9  0.118623
12  11.1  0.110215
12  11.3  0.102644
12  11.5  0.0956715
12  11.7  0.0892373
12  11.9  0.0833192
14  0.1  1057.76
14  0.3  838.322
14  0.5  666.287
14  0.7  522.817
14  0.9  406.182
14  1.1  313.23
14  1.3  239.967
14  1.5  182.858
14  1.7  138.931
14  1.9  105.448
14  2.1  80.0915
14  2.3  61.0024
14  2.5  46.7408
14  2.7  35.9912
14  2.9  27.9457
14  3.1  21.8639
14  3.3  17.232
14  3.5  13.697
14  3.7  10.9754
14  3.9  8.86606
14  4.1  7.21147
14  4.3  5.91039
14  4.5  4.87229
14  4.7  4.04648
14  4.9  3.38046
14  5.1  2.83869
14  5.3  2.39787
14  5.5  2.03433
14  5.7  1.73501
14  5.9  1.48695
14  6.1  1.2801
14  6.3  1.10638
14  6.5  0.95983
14  6.7  0.83538
14  6.9  0.73005
14  7.1  0.639713
14  7.3  0.572762
14  7.5  0.513875
14  7.7  0.46267
14  7.9  0.417672
14  8.1  0.377842
14  8.3  0.342761
14  8.5  0.311761
14  8.7  0.284089
14  8.9  0.259314
14  9.1  0.237283
14  9.3  0.217528
14  9.5  0.199589
14  9.7  0.183636
14  9.9  0.169228
14  10.1  0.156275
14  10.3  0.144375
14  10.5  0.133666
14  10.7  0.123959
14  10.9  0.115026
14  11.1  0.106946
14  11.3  0.0995394
14  11.5  0.0928062
14  11.7  0.0865437
14  11.9  0.0807593
16  0.1  1033.51
16  0.3  818.209
16  0.5  650.418
16  0.7  510.07
16  0.9  395.988
16  1.1  304.985
16  1.3  233.402
16  1.5  177.557
16  1.7  134.712
16  1.9  102.098
16  2.1  77.4451
16  2.3  58.9753
16  2.5  45.123
16  2.7  34.7302
16  2.9  26.9521
16  3.1  21.0797
16  3.3  16.6102
16  3.5  13.2082
16  3.7  10.5787
16  3.9  8.54292
16  4.1  6.94732
16  4.3  5.69365
16  4.5  4.69661
16  4.7  3.89747
16  4.9  3.25596
16  5.1  2.73379
16  5.3  2.30935
16  5.5  1.95951
16  5.7  1.6711
16  5.9  1.43213
16  6.1  1.23264
16  6.3  1.06527
16  6.5  0.924224
16  6.7  0.804663
16  6.9  0.702855
16  7.1  0.616165
16  7.3  0.55136
16  7.5  0.494833
16  7.7  0.445556
16  7.9  0.402286
16  8.1  0.363841
16  8.3  0.330035
16  8.5  0.300084
16  8.7  0.273505
16  8.9  0.249699
16  9.1  0.228521
16  9.3  0.209492
16  9.5  0.192414
16  9.7  0.176882
16  9.9  0.162992
16  10.1  0.150446
16  10.3  0.13907
16  10.5  0.128732
16  10.7  0.119436
16  10.9  0.110827
16  11.1  0.103039
16  11.3  0.0959582
16  11.5  0.0893793
16  11.7  0.0833271
16  11.9  0.0778756
18  0.1  1002.82
18  0.3  794.282
18  0.5  631.114
18  0.7  494.613
18  0.9  383.609
18  1.1  295.074
18  1.3  225.381
18  1.5  171.149
18  1.7  129.632
18  1.9  98.0723
18  2.1  74.3111
18  2.3  56.5023
18  2.5  43.1968
18  2.7  33.2223
18  2.9  25.756
18  3.1  20.144
18  3.3  15.8691
18  3.5  12.6083
18  3.7  10.0998
18  3.9  8.15461
18  4.1  6.63424
18  4.3  5.43516
18  4.5  4.48195
18  4.7  3.71943
18  4.9  3.10799
18  5.1  2.61001
18  5.3  2.20401
18  5.5  1.87013
18  5.7  1.59474
18  5.9  1.36661
18  6.1  1.1762
18  6.3  1.0167
18  6.5  0.88199
18  6.7  0.767688
18  6.9  0.67049
18  7.1  0.587535
18  7.3  0.526031
18  7.5  0.472232
18  7.7  0.425232
18  7.9  0.383746
18  8.1  0.347402
18  8.3  0.314919
18  8.5  0.286508
18  8.7  0.26095
18  8.9  0.238221
18  9.1  0.218041
18  9.3  0.199902
18  9.5  0.183438
18  9.7  0.16875
18  9.9  0.155486
18  10.1  0.143511
18  10.3  0.132669
18  10.5  0.122822
18  10.7  0.113882
18  10.9  0.10576
18  11.1  0.0982871
18  11.3  0.0914773
18  11.5  0.0852592
18  11.7  0.0794649
18  11.9  0.0742206
20  0.1  966.423
20  0.3  764.908
20  0.5  607.386
20  0.7  475.88
20  0.9  368.465
20  1.1  282.951
20  1.3  215.704
20  1.5  163.405
20  1.7  123.482
20  1.9  93.2688
20  2.1  70.5245
20  2.3  53.5531
20  2.5  40.8797
20  2.7  31.4446
20  2.9  24.3643
20  3.1  19.0242
20  3.3  14.9989
20  3.5  11.9126
20  3.7  9.54112
20  3.9  7.70318
20  4.1  6.26482
20  4.3  5.13079
20  4.5  4.22924
20  4.7  3.51016
20  4.9  2.93115
20  5.1  2.46167
20  5.3  2.0788
20  5.5  1.76484
20  5.7  1.50405
20  5.9  1.28925
20  6.1  1.10922
20  6.3  0.958736
20  6.5  0.831683
20  6.7  0.723973
20  6.9  0.632456
20  7.1  0.554231
20  7.3  0.496237
20  7.5  0.445561
20  7.7  0.401111
20  7.9  0.362201
20  8.1  0.32786
20  8.3  0.297385
20  8.5  0.270405
20  8.7  0.246328
20  8.9  0.224915
20  9.1  0.205831
20  9.3  0.188708
20  9.5  0.173193
20  9.7  0.159337
20  9.9  0.146826
20  10.1  0.13553
20  10.3  0.125324
20  10.5  0.116003
20  10.7  0.107546
20  10.9  0.0999131
20  11.1  0.0928674
20  11.3  0.0864165
20  11.5  0.0805121
20  11.7  0.0751522
20  11.9  0.0701418
22  0.1  929.217
22  0.3  734.802
22  0.5  581.969
22  0.7  454.05
22  0.9  350.13
22  1.1  268.032
22  1.3  203.816
22  1.5  154.065
22  1.7  116.096
22  1.9  87.4418
22  2.1  65.9881
22  2.3  50.0242
22  2.5  38.1255
22  2.7  29.2887
22  2.9  22.681
22  3.1  17.708
22  3.3  13.9494
22  3.5  11.0772
22  3.7  8.86786
22  3.9  7.15581
22  4.1  5.82004
22  4.3  4.76674
22  4.5  3.92847
22  4.7  3.26027
22  4.9  2.72312
22  5.1  2.28749
22  5.3  1.93008
22  5.5  1.63848
22  5.7  1.39682
22  5.9  1.19668
22  6.1  1.03007
22  6.3  0.890148
22  6.5  0.771958
22  6.7  0.672022
22  6.9  0.586912
22  7.1  0.514372
22  7.3  0.460537
22  7.5  0.413516
22  7.7  0.372366
22  7.9  0.336257
22  8.1  0.304131
22  8.3  0.276024
22  8.5  0.250947
22  8.7  0.228654
22  8.9  0.208782
22  9.1  0.191121
22  9.3  0.175221
22  9.5  0.160942
22  9.7  0.147946
22  9.9  0.136345
22  10.1  0.125855
22  10.3  0.116345
22  10.5  0.107711
22  10.7  0.0998641
22  10.9  0.0927203
22  11.1  0.0862434
22  11.3  0.0802701
22  11.5  0.0748002
22  11.7  0.0697794
22  11.9  0.0651319
24  0.1  864.173
24  0.3  683.701
24  0.5  542.344
24  0.7  423.938
24  0.9  327.015
24  1.1  249.749
24  1.3  189.24
24  1.5  142.515
24  1.7  107.027
24  1.9  80.3783
24  2.1  60.4942
24  2.3  45.7451
24  2.5  34.8358
24  2.7  26.7289
24  2.9  20.6731
24  3.1  16.1355
24  3.3  12.6996
24  3.5  10.0781
24  3.7  8.06513
24  3.9  6.50595
24  4.1  5.28984
24  4.3  4.33172
24  4.5  3.57055
24  4.7  2.96205
24  4.9  2.47432
24  5.1  2.0775
24  5.3  1.75401
24  5.5  1.48753
24  5.7  1.26819
24  5.9  1.08661
24  6.1  0.935118
24  6.3  0.807997
24  6.5  0.700876
24  6.7  0.609985
24  6.9  0.532738
24  7.1  0.466841
24  7.3  0.417837
24  7.5  0.375233
24  7.7  0.337869
24  7.9  0.30499
24  8.1  0.276006
24  8.3  0.250406
24  8.5  0.22771
24  8.7  0.20756
24  8.9  0.189572
24  9.1  0.173353
24  9.3  0.159024
24  9.5  0.146085
24  9.7  0.134258
24  9.9  0.123707
24  10.1  0.114286
24  10.3  0.105636
24  10.5  0.097771
24  10.7  0.0906236
24  10.9  0.0841362
24  11.1  0.0781885
24  11.3  0.0728062
24  11.5  0.0678387
24  11.7  0.0633382
24  11.9  0.0591081
26  0.1  792.538
26  0.3  626.778
26  0.5  496.758
26  0.7  387.831
26  0.9  298.214
26  1.1  226.876
26  1.3  171.147
26  1.5  128.294
26  1.7  95.9211
26  1.9  71.7828
26  2.1  53.8608
26  2.3  40.6213
26  2.5  30.8695
26  2.7  23.6411
26  2.9  18.2649
26  3.1  14.2415
26  3.3  11.2029
26  3.5  8.88735
26  3.7  7.1033
26  3.9  5.73349
26  4.1  4.65998
26  4.3  3.8141
26  4.5  3.14282
26  4.7  2.6063
26  4.9  2.17619
26  5.1  1.82704
26  5.3  1.54181
26  5.5  1.30809
26  5.7  1.1149
26  5.9  0.955032
26  6.1  0.821848
26  6.3  0.710208
26  6.5  0.615945
26  6.7  0.535914
26  6.9  0.468095
26  7.1  0.410054
26  7.3  0.367201
26  7.5  0.329788
26  7.7  0.296858
26  7.9  0.267996
26  8.1  0.242574
26  8.3  0.220079
26  8.5  0.200141
26  8.7  0.182438
26  8.9  0.166641
26  9.1  0.1525
26  9.3  0.139821
26  9.5  0.128345
26  9.7  0.118056
26  9.9  0.108881
26  10.1  0.10043
26  10.3  0.0928851
26  10.5  0.0859583
26  10.7  0.0796854
26  10.9  0.0740158
26  11.1  0.0688177
26  11.3  0.0639905
26  11.5  0.059677
26  11.7  0.0557064
26  11.9  0.0519715
28  0.1  701.847
28  0.3  555.251
28  0.5  439.31
28  0.7  342.052
28  0.9  262.075
28  1.1  198.377
28  1.3  148.71
28  1.5  110.889
28  1.7  82.4367
28  1.9  61.3662
28  2.1  45.9085
28  2.3  34.5183
28  2.5  26.1516
28  2.7  19.9921
28  2.9  15.4184
28  3.1  12.01
28  3.3  9.43501
28  3.5  7.48164
28  3.7  5.97464
28  3.9  4.81785
28  4.1  3.91549
28  4.3  3.20388
28  4.5  2.63884
28  4.7  2.18806
28  4.9  1.8259
28  5.1  1.53277
28  5.3  1.29339
28  5.5  1.09683
28  5.7  0.934541
28  5.9  0.800464
28  6.1  0.688618
28  6.3  0.594845
28  6.5  0.515821
28  6.7  0.448834
28  6.9  0.391849
28  7.1  0.343205
28  7.3  0.307353
28  7.5  0.276023
28  7.7  0.248536
28  7.9  0.224517
28  8.1  0.20312
28  8.3  0.184305
28  8.5  0.167563
28  8.7  0.152791
28  8.9  0.139528
28  9.1  0.127687
28  9.3  0.117083
28  9.5  0.107456
28  9.7  0.0989652
28  9.9  0.0911024
28  10.1  0.0841186
28  10.3  0.077766
28  10.5  0.0720313
28  10.7  0.0667582
28  10.9  0.0619832
28  11.1  0.0576395
28  11.3  0.0536441
28  11.5  0.0499907
28  11.7  0.0465976
28  11.9  0.0435332
30  0.1  590.264
30  0.3  466.468
30  0.5  368.788
30  0.7  286.127
30  0.9  218.119
30  1.1  163.973
30  1.3  121.993
30  1.5  90.256
30  1.7  66.6619
30  1.9  49.3463
30  2.1  36.6999
30  2.3  27.5065
30  2.5  20.782
30  2.7  15.8397
30  2.9  12.1924
30  3.1  9.47936
30  3.3  7.44046
30  3.5  5.89232
30  3.7  4.70147
30  3.9  3.79061
30  4.1  3.07635
30  4.3  2.51499
30  4.5  2.07077
30  4.7  1.71625
30  4.9  1.43183
30  5.1  1.20115
30  5.3  1.01301
30  5.5  0.858889
30  5.7  0.731565
30  5.9  0.626316
30  6.1  0.538754
30  6.3  0.465303
30  6.5  0.40326
30  6.7  0.350825
30  6.9  0.306184
30  7.1  0.268126
30  7.3  0.240195
30  7.5  0.215787
30  7.7  0.194348
30  7.9  0.175456
30  8.1  0.158832
30  8.3  0.144116
30  8.5  0.131085
30  8.7  0.119454
30  8.9  0.109076
30  9.1  0.0998226
30  9.3  0.0915969
30  9.5  0.0841527
30  9.7  0.0773568
30  9.9  0.071344
30  10.1  0.0658084
30  10.3  0.0608872
30  10.5  0.0563644
30  10.7  0.0522588
30  10.9  0.0485218
30  11.1  0.0451373
30  11.3  0.0420194
30  11.5  0.0391639
30  11.7  0.0365296
30  11.9  0.0341224
32  0.1  462.533
32  0.3  365.158
32  0.5  288.2
32  0.7  222.752
32  0.9  168.553
32  1.1  125.502
32  1.3  92.5408
32  1.5  67.8272
32  1.7  49.6968
32  1.9  36.5321
32  2.1  27.0279
32  2.3  20.1492
32  2.5  15.1651
32  2.7  11.5342
32  2.9  8.85133
32  3.1  6.86743
32  3.3  5.38472
32  3.5  4.25871
32  3.7  3.39382
32  3.9  2.73568
32  4.1  2.21883
32  4.3  1.81503
32  4.5  1.49542
32  4.7  1.23979
32  4.9  1.03407
32  5.1  0.86767
32  5.3  0.731672
32  5.5  0.620502
32  5.7  0.528605
32  5.9  0.451347
32  6.1  0.386702
32  6.3  0.33288
32  6.5  0.287756
32  6.7  0.250323
32  6.9  0.218475
32  7.1  0.191317
32  7.3  0.171366
32  7.5  0.15391
32  7.7  0.138682
32  7.9  0.125227
32  8.1  0.113365
32  8.3  0.10287
32  8.5  0.0935675
32  8.7  0.0852908
32  8.9  0.0779304
32  9.1  0.0712821
32  9.3  0.0653658
32  9.5  0.0601027
32  9.7  0.0553076
32  9.9  0.0509651
32  10.1  0.0469881
32  10.3  0.0434766
32  10.5  0.0402523
32  10.7  0.0373168
32  10.9  0.0346735
32  11.1  0.032209
32  11.3  0.0299863
32  11.5  0.0279268
32  11.7  0.026074
32  11.9  0.0243526
