# fragmentation : Kniehl & Kramer (N=0.694, eps=0.101)
# channel       : An0n
#   dipole file dir       : data/Pb/mve/glauber_mve_<b>
#   pD0 loop             : 0.1 to 12.0 GeV, step 0.2
#   fixed rapidity y      : -1.0,
# ============================================================
# b  pD0  dsigma_dy
0  0.1  1255.49
0  0.3  829.78
0  0.5  575.884
0  0.7  406.763
0  0.9  290.536
0  1.1  209.353
0  1.3  151.92
0  1.5  111.035
0  1.7  81.7142
0  1.9  60.6195
0  2.1  45.3384
0  2.3  34.2181
0  2.5  26.065
0  2.7  20.0437
0  2.9  15.5592
0  3.1  12.1925
0  3.3  9.63954
0  3.5  7.68712
0  3.7  6.17988
0  3.9  5.00821
0  4.1  4.09011
0  4.3  3.36296
0  4.5  2.78261
0  4.7  2.31663
0  4.9  1.94088
0  5.1  1.63506
0  5.3  1.38423
0  5.5  1.17794
0  5.7  1.00676
0  5.9  0.864272
0  6.1  0.7456
0  6.3  0.645407
0  6.5  0.560578
0  6.7  0.488848
0  6.9  0.427663
0  7.1  0.375266
0  7.3  0.330454
0  7.5  0.291744
0  7.7  0.258359
0  7.9  0.22934
0  8.1  0.204222
0  8.3  0.182078
0  8.5  0.162752
0  8.7  0.145821
0  8.9  0.131037
0  9.1  0.117961
0  9.3  0.106389
0  9.5  0.0960854
0  9.7  0.0870059
0  9.9  0.0788712
0  10.1  0.0716308
0  10.3  0.0651603
0  10.5  0.0593703
0  10.7  0.0541488
0  10.9  0.0495026
0  11.1  0.0453249
0  11.3  0.041543
0  11.5  0.0381408
0  11.7  0.0350617
0  11.9  0.0322541
2  0.1  1254.05
2  0.3  828.867
2  0.5  575.233
2  0.7  406.296
2  0.9  290.185
2  1.1  209.088
2  1.3  151.717
2  1.5  110.88
2  1.7  81.5955
2  1.9  60.5276
2  2.1  45.2678
2  2.3  34.1634
2  2.5  26.0222
2  2.7  20.0103
2  2.9  15.533
2  3.1  12.1718
2  3.3  9.62301
2  3.5  7.6738
2  3.7  6.16911
2  3.9  4.99949
2  4.1  4.08288
2  4.3  3.35702
2  4.5  2.77775
2  4.7  2.3125
2  4.9  1.93743
2  5.1  1.63214
2  5.3  1.38177
2  5.5  1.17588
2  5.7  1.00496
2  5.9  0.862696
2  6.1  0.744213
2  6.3  0.644245
2  6.5  0.559523
2  6.7  0.48778
2  6.9  0.426916
2  7.1  0.37459
2  7.3  0.329848
2  7.5  0.291301
2  7.7  0.257869
2  7.9  0.228929
2  8.1  0.203755
2  8.3  0.181721
2  8.5  0.162442
2  8.7  0.145562
2  8.9  0.130734
2  9.1  0.117715
2  9.3  0.106192
2  9.5  0.0959112
2  9.7  0.0868015
2  9.9  0.0787113
2  10.1  0.0714981
2  10.3  0.0650432
2  10.5  0.0592638
2  10.7  0.0540446
2  10.9  0.0494091
2  11.1  0.0452322
2  11.3  0.0414649
2  11.5  0.0380862
2  11.7  0.034995
2  11.9  0.0321943
4  0.1  1250.18
4  0.3  826.114
4  0.5  573.277
4  0.7  404.871
4  0.9  289.122
4  1.1  208.287
4  1.3  151.112
4  1.5  110.412
4  1.7  81.2363
4  1.9  60.2514
4  2.1  45.0546
4  2.3  33.9988
4  2.5  25.8934
4  2.7  19.9117
4  2.9  15.4535
4  3.1  12.1084
4  3.3  9.57302
4  3.5  7.63361
4  3.7  6.13725
4  3.9  4.97294
4  4.1  4.06129
4  4.3  3.33912
4  4.5  2.76309
4  4.7  2.30031
4  4.9  1.92712
4  5.1  1.62356
4  5.3  1.37499
4  5.5  1.16899
4  5.7  0.999152
4  5.9  0.858631
4  6.1  0.74
4  6.3  0.640639
4  6.5  0.556803
4  6.7  0.485317
4  6.9  0.424557
4  7.1  0.37239
4  7.3  0.327909
4  7.5  0.289697
4  7.7  0.2564
4  7.9  0.227657
4  8.1  0.202635
4  8.3  0.180696
4  8.5  0.161608
4  8.7  0.144732
4  8.9  0.13001
4  9.1  0.117063
4  9.3  0.105597
4  9.5  0.0953753
4  9.7  0.0863163
4  9.9  0.0782764
4  10.1  0.0710982
4  10.3  0.0646748
4  10.5  0.0589295
4  10.7  0.053735
4  10.9  0.0491333
4  11.1  0.0449734
4  11.3  0.0412272
4  11.5  0.0378723
4  11.7  0.0347983
4  11.9  0.0320133
6  0.1  1243.33
6  0.3  821.457
6  0.5  569.975
6  0.7  402.443
6  0.9  287.329
6  1.1  206.935
6  1.3  150.077
6  1.5  109.623
6  1.7  80.632
6  1.9  59.7842
6  2.1  44.6957
6  2.3  33.721
6  2.5  25.6781
6  2.7  19.7412
6  2.9  15.3214
6  3.1  12.004
6  3.3  9.48923
6  3.5  7.56633
6  3.7  6.08222
6  3.9  4.92854
6  4.1  4.02503
6  4.3  3.30907
6  4.5  2.73731
6  4.7  2.27923
6  4.9  1.90945
6  5.1  1.60858
6  5.3  1.36177
6  5.5  1.15876
6  5.7  0.990285
6  5.9  0.850065
6  6.1  0.733375
6  6.3  0.634647
6  6.5  0.551307
6  6.7  0.480646
6  6.9  0.420612
6  7.1  0.369001
6  7.3  0.324969
6  7.5  0.286945
6  7.7  0.254038
6  7.9  0.225477
6  8.1  0.200752
6  8.3  0.179027
6  8.5  0.160026
6  8.7  0.143462
6  8.9  0.128846
6  9.1  0.115983
6  9.3  0.1046
6  9.5  0.0944939
6  9.7  0.0855526
6  9.9  0.0775502
6  10.1  0.0704225
6  10.3  0.0640587
6  10.5  0.0583478
6  10.7  0.0532487
6  10.9  0.0486688
6  11.1  0.0445392
6  11.3  0.0408389
6  11.5  0.0375059
6  11.7  0.0344628
6  11.9  0.0317062
8  0.1  1233.32
8  0.3  814.808
8  0.5  565.271
8  0.7  399.023
8  0.9  284.772
8  1.1  205.004
8  1.3  148.609
8  1.5  108.499
8  1.7  79.7713
8  1.9  59.1216
8  2.1  44.1852
8  2.3  33.3258
8  2.5  25.3707
8  2.7  19.5022
8  2.9  15.1327
8  3.1  11.8539
8  3.3  9.36996
8  3.5  7.4708
8  3.7  6.00418
8  3.9  4.8653
8  4.1  3.97284
8  4.3  3.26646
8  4.5  2.70213
8  4.7  2.25049
8  4.9  1.88398
8  5.1  1.5869
8  5.3  1.34407
8  5.5  1.14338
8  5.7  0.977256
8  5.9  0.839292
8  6.1  0.723411
8  6.3  0.626124
8  6.5  0.544095
8  6.7  0.474417
8  6.9  0.41471
8  7.1  0.364147
8  7.3  0.320523
8  7.5  0.283122
8  7.7  0.250532
8  7.9  0.222523
8  8.1  0.197995
8  8.3  0.176602
8  8.5  0.157936
8  8.7  0.141499
8  8.9  0.126995
8  9.1  0.114361
8  9.3  0.103123
8  9.5  0.0931985
8  9.7  0.0843671
8  9.9  0.0765004
8  10.1  0.0694546
8  10.3  0.0631821
8  10.5  0.0575693
8  10.7  0.0525049
8  10.9  0.0480127
8  11.1  0.0439556
8  11.3  0.0402821
8  11.5  0.0369877
8  11.7  0.033995
8  11.9  0.031277
10  0.1  1220.32
10  0.3  806.048
10  0.5  559.058
10  0.7  394.524
10  0.9  281.397
10  1.1  202.457
10  1.3  146.67
10  1.5  107.016
10  1.7  78.6356
10  1.9  58.2496
10  2.1  43.4973
10  2.3  32.8066
10  2.5  24.9695
10  2.7  19.1881
10  2.9  14.8849
10  3.1  11.658
10  3.3  9.21352
10  3.5  7.34486
10  3.7  5.90325
10  3.9  4.78261
10  4.1  3.90512
10  4.3  3.21022
10  4.5  2.65524
10  4.7  2.21081
10  4.9  1.85184
10  5.1  1.55978
10  5.3  1.32058
10  5.5  1.12366
10  5.7  0.960185
10  5.9  0.824078
10  6.1  0.710913
10  6.3  0.615296
10  6.5  0.534359
10  6.7  0.466032
10  6.9  0.40763
10  7.1  0.357648
10  7.3  0.314903
10  7.5  0.278029
10  7.7  0.246161
10  7.9  0.218473
10  8.1  0.194502
10  8.3  0.1735
10  8.5  0.155063
10  8.7  0.138939
10  8.9  0.124842
10  9.1  0.112353
10  9.3  0.101325
10  9.5  0.0915424
10  9.7  0.0828648
10  9.9  0.0751087
10  10.1  0.0681989
10  10.3  0.0620458
10  10.5  0.0565242
10  10.7  0.0515498
10  10.9  0.0471407
10  11.1  0.0431484
10  11.3  0.0395528
10  11.5  0.036322
10  11.7  0.033378
10  11.9  0.030707
12  0.1  1203.33
12  0.3  794.881
12  0.5  551.165
12  0.7  388.739
12  0.9  277.126
12  1.1  199.234
12  1.3  144.225
12  1.5  105.147
12  1.7  77.2018
12  1.9  57.1519
12  2.1  42.6695
12  2.3  32.1531
12  2.5  24.4638
12  2.7  18.7931
12  2.9  14.574
12  3.1  11.412
12  3.3  9.01814
12  3.5  7.18669
12  3.7  5.77535
12  3.9  4.67997
12  4.1  3.81993
12  4.3  3.13991
12  4.5  2.59685
12  4.7  2.162
12  4.9  1.81081
12  5.1  1.52581
12  5.3  1.29114
12  5.5  1.09851
12  5.7  0.938603
12  5.9  0.805891
12  6.1  0.694971
12  6.3  0.601536
12  6.5  0.522365
12  6.7  0.455283
12  6.9  0.39844
12  7.1  0.349562
12  7.3  0.307781
12  7.5  0.27174
12  7.7  0.240572
12  7.9  0.213523
12  8.1  0.19002
12  8.3  0.16945
12  8.5  0.151512
12  8.7  0.135731
12  8.9  0.121977
12  9.1  0.109739
12  9.3  0.0989986
12  9.5  0.0894508
12  9.7  0.0809494
12  9.9  0.0733693
12  10.1  0.0666331
12  10.3  0.0606179
12  10.5  0.0552118
12  10.7  0.0503708
12  10.9  0.0460403
12  11.1  0.0421443
12  11.3  0.0386441
12  11.5  0.0354772
12  11.7  0.0326031
12  11.9  0.02999
14  0.1  1183.54
14  0.3  781.246
14  0.5  541.372
14  0.7  381.619
14  0.9  271.843
14  1.1  195.248
14  1.3  141.203
14  1.5  102.846
14  1.7  75.4362
14  1.9  55.8016
14  2.1  41.6333
14  2.3  31.3528
14  2.5  23.8437
14  2.7  18.3092
14  2.9  14.1941
14  3.1  11.1102
14  3.3  8.77712
14  3.5  6.99418
14  3.7  5.61952
14  3.9  4.55305
14  4.1  3.7158
14  4.3  3.05327
14  4.5  2.52522
14  4.7  2.10288
14  4.9  1.7608
14  5.1  1.48356
14  5.3  1.25569
14  5.5  1.06775
14  5.7  0.912554
14  5.9  0.783295
14  6.1  0.675459
14  6.3  0.584613
14  6.5  0.50777
14  6.7  0.442689
14  6.9  0.38709
14  7.1  0.33964
14  7.3  0.299082
14  7.5  0.264014
14  7.7  0.233715
14  7.9  0.207443
14  8.1  0.184642
14  8.3  0.164695
14  8.5  0.147171
14  8.7  0.131816
14  8.9  0.118389
14  9.1  0.10662
14  9.3  0.0961304
14  9.5  0.0868579
14  9.7  0.0786262
14  9.9  0.0712849
14  10.1  0.0647284
14  10.3  0.0588756
14  10.5  0.0536406
14  10.7  0.0489043
14  10.9  0.0447159
14  11.1  0.0409199
14  11.3  0.0375272
14  11.5  0.0344515
14  11.7  0.0316565
14  11.9  0.0291106
16  0.1  1158.49
16  0.3  764.127
16  0.5  529.377
16  0.7  372.914
16  0.9  265.449
16  1.1  190.386
16  1.3  137.484
16  1.5  100.047
16  1.7  73.2951
16  1.9  54.1663
16  2.1  40.3787
16  2.3  30.3843
16  2.5  23.0939
16  2.7  17.7252
16  2.9  13.7354
16  3.1  10.7474
16  3.3  8.48808
16  3.5  6.76198
16  3.7  5.43197
16  3.9  4.40018
16  4.1  3.59036
16  4.3  2.95056
16  4.5  2.43967
16  4.7  2.03097
16  4.9  1.70053
16  5.1  1.43232
16  5.3  1.21214
16  5.5  1.03071
16  5.7  0.881049
16  5.9  0.756228
16  6.1  0.651656
16  6.3  0.564278
16  6.5  0.49007
16  6.7  0.427176
16  6.9  0.37339
16  7.1  0.327705
16  7.3  0.288546
16  7.5  0.254822
16  7.7  0.225534
16  7.9  0.200179
16  8.1  0.178171
16  8.3  0.158827
16  8.5  0.141956
16  8.7  0.127169
16  8.9  0.11421
16  9.1  0.102861
16  9.3  0.092753
16  9.5  0.0837794
16  9.7  0.0758049
16  9.9  0.0687363
16  10.1  0.0624139
16  10.3  0.0567636
16  10.5  0.0517067
16  10.7  0.0471726
16  10.9  0.0431188
16  11.1  0.0394737
16  11.3  0.0361987
16  11.5  0.0331961
16  11.7  0.0305124
16  11.9  0.0280795
18  0.1  1127.41
18  0.3  743.532
18  0.5  514.787
18  0.7  362.32
18  0.9  257.593
18  1.1  184.492
18  1.3  133.027
18  1.5  96.6588
18  1.7  70.7152
18  1.9  52.2001
18  2.1  38.8735
18  2.3  29.224
18  2.5  22.1952
18  2.7  17.0238
18  2.9  13.1864
18  3.1  10.3136
18  3.3  8.14219
18  3.5  6.4846
18  3.7  5.2077
18  3.9  4.21759
18  4.1  3.44078
18  4.3  2.82654
18  4.5  2.33695
18  4.7  1.94565
18  4.9  1.62856
18  5.1  1.37181
18  5.3  1.16102
18  5.5  0.98707
18  5.7  0.843264
18  5.9  0.723673
18  6.1  0.624042
18  6.3  0.539977
18  6.5  0.46902
18  6.7  0.408797
18  6.9  0.357494
18  7.1  0.313588
18  7.3  0.276024
18  7.5  0.243749
18  7.7  0.21571
18  7.9  0.191468
18  8.1  0.170396
18  8.3  0.151924
18  8.5  0.135782
18  8.7  0.121607
18  8.9  0.109248
18  9.1  0.0983523
18  9.3  0.0886492
18  9.5  0.0800873
18  9.7  0.0725064
18  9.9  0.0657018
18  10.1  0.0596655
18  10.3  0.0542704
18  10.5  0.0494295
18  10.7  0.0450862
18  10.9  0.0412151
18  11.1  0.0377157
18  11.3  0.0345712
18  11.5  0.0317454
18  11.7  0.0291683
18  11.9  0.0268197
20  0.1  1089.93
20  0.3  718.468
20  0.5  497.306
20  0.7  349.365
20  0.9  248.024
20  1.1  177.363
20  1.3  127.679
20  1.5  92.5522
20  1.7  67.6053
20  1.9  49.8323
20  2.1  37.0626
20  2.3  27.8341
20  2.5  21.1184
20  2.7  16.1863
20  2.9  12.5299
20  3.1  9.79513
20  3.3  7.72931
20  3.5  6.15391
20  3.7  4.94013
20  3.9  3.99973
20  4.1  3.26244
20  4.3  2.67989
20  4.5  2.21518
20  4.7  1.84305
20  4.9  1.54319
20  5.1  1.29909
20  5.3  1.09947
20  5.5  0.934686
20  5.7  0.798412
20  5.9  0.685335
20  6.1  0.590706
20  6.3  0.511081
20  6.5  0.443769
20  6.7  0.386828
20  6.9  0.33821
20  7.1  0.296699
20  7.3  0.261227
20  7.5  0.230477
20  7.7  0.203998
20  7.9  0.181103
20  8.1  0.161147
20  8.3  0.143658
20  8.5  0.128354
20  8.7  0.115035
20  8.9  0.103398
20  9.1  0.0929377
20  9.3  0.0838353
20  9.5  0.0757063
20  9.7  0.0685182
20  9.9  0.0621334
20  10.1  0.0564055
20  10.3  0.0513088
20  10.5  0.0467122
20  10.7  0.0426694
20  10.9  0.0389594
20  11.1  0.0356597
20  11.3  0.0326726
20  11.5  0.029987
20  11.7  0.0275546
20  11.9  0.025342
22  0.1  1043.79
22  0.3  687.561
22  0.5  475.386
22  0.7  333.609
22  0.9  236.408
22  1.1  168.756
22  1.3  121.254
22  1.5  87.7659
22  1.7  64.0476
22  1.9  47.1899
22  2.1  35.0881
22  2.3  26.3847
22  2.5  20.048
22  2.7  15.4199
22  2.9  11.9861
22  3.1  9.42094
22  3.3  7.4851
22  3.5  6.01388
22  3.7  4.87151
22  3.9  3.89875
22  4.1  3.13726
22  4.3  2.53888
22  4.5  2.07313
22  4.7  1.72085
22  4.9  1.44049
22  5.1  1.21257
22  5.3  1.02581
22  5.5  0.872081
22  5.7  0.744902
22  5.9  0.639189
22  6.1  0.550974
22  6.3  0.476578
22  6.5  0.413854
22  6.7  0.360664
22  6.9  0.315218
22  7.1  0.276428
22  7.3  0.243227
22  7.5  0.214784
22  7.7  0.190163
22  7.9  0.16869
22  8.1  0.150112
22  8.3  0.133835
22  8.5  0.119565
22  8.7  0.107163
22  8.9  0.0962396
22  9.1  0.0865969
22  9.3  0.0780375
22  9.5  0.0704777
22  9.7  0.0637856
22  9.9  0.057822
22  10.1  0.0524984
22  10.3  0.0477278
22  10.5  0.043482
22  10.7  0.0396498
22  10.9  0.0362389
22  11.1  0.0331719
22  11.3  0.0304003
22  11.5  0.0279006
22  11.7  0.0256372
22  11.9  0.0235843
24  0.1  985.227
24  0.3  648.296
24  0.5  447.54
24  0.7  313.725
24  0.9  221.55
24  1.1  157.698
24  1.3  112.893
24  1.5  81.4484
24  1.7  59.2155
24  1.9  43.4681
24  2.1  32.2129
24  2.3  24.1218
24  2.5  18.2561
24  2.7  13.9636
24  2.9  10.7886
24  3.1  8.42235
24  3.3  6.63812
24  3.5  5.27896
24  3.7  4.234
24  3.9  3.42518
24  4.1  2.79153
24  4.3  2.29127
24  4.5  1.89254
24  4.7  1.57398
24  4.9  1.31769
24  5.1  1.10827
24  5.3  0.937588
24  5.5  0.797035
24  5.7  0.6805
24  5.9  0.583846
24  6.1  0.503172
24  6.3  0.435228
24  6.5  0.377818
24  6.7  0.329149
24  6.9  0.287621
24  7.1  0.252283
24  7.3  0.221937
24  7.5  0.195953
24  7.7  0.173379
24  7.9  0.153878
24  8.1  0.136861
24  8.3  0.122024
24  8.5  0.109002
24  8.7  0.0976094
24  8.9  0.0876208
24  9.1  0.0788701
24  9.3  0.0711045
24  9.5  0.0642567
24  9.7  0.0581101
24  9.9  0.0526839
24  10.1  0.0478132
24  10.3  0.0434759
24  10.5  0.0395911
24  10.7  0.0361025
24  10.9  0.0329931
24  11.1  0.0301932
24  11.3  0.0276792
24  11.5  0.0254014
24  11.7  0.0233396
24  11.9  0.0214673
26  0.1  910.883
26  0.3  598.837
26  0.5  412.732
26  0.7  288.462
26  0.9  203.213
26  1.1  144.062
26  1.3  102.758
26  1.5  73.8672
26  1.7  53.4916
26  1.9  39.1739
26  2.1  28.9584
26  2.3  21.6396
26  2.5  16.3481
26  2.7  12.4856
26  2.9  9.63438
26  3.1  7.51373
26  3.3  5.91652
26  3.5  4.70123
26  3.7  3.76805
26  3.9  3.04703
26  4.1  2.48149
26  4.3  2.03548
26  4.5  1.68159
26  4.7  1.39708
26  4.9  1.1688
26  5.1  0.983157
26  5.3  0.831449
26  5.5  0.7065
26  5.7  0.602947
26  5.9  0.517179
26  6.1  0.445589
26  6.3  0.38543
26  6.5  0.334432
26  6.7  0.291293
26  6.9  0.254615
26  7.1  0.22313
26  7.3  0.196353
26  7.5  0.173271
26  7.7  0.15329
26  7.9  0.136015
26  8.1  0.120965
26  8.3  0.107813
26  8.5  0.0962903
26  8.7  0.0862299
26  8.9  0.0774656
26  9.1  0.0696715
26  9.3  0.0627907
26  9.5  0.0567053
26  9.7  0.0512916
26  9.9  0.0464886
26  10.1  0.0421949
26  10.3  0.0383736
26  10.5  0.0349399
26  10.7  0.0318522
26  10.9  0.0291086
26  11.1  0.0266339
26  11.3  0.024405
26  11.5  0.0223961
26  11.7  0.0205739
26  11.9  0.0189201
28  0.1  816.256
28  0.3  535.981
28  0.5  368.754
28  0.7  256.774
28  0.9  180.062
28  1.1  127.033
28  1.3  90.1769
28  1.5  64.4796
28  1.7  46.5406
28  1.9  33.9354
28  2.1  25.0058
28  2.3  18.6276
28  2.5  14.0467
28  2.7  10.707
28  2.9  8.24826
28  3.1  6.42375
28  3.3  5.05236
28  3.5  4.01013
28  3.7  3.21093
28  3.9  2.59371
28  4.1  2.11152
28  4.3  1.73093
28  4.5  1.42875
28  4.7  1.18688
28  4.9  0.992485
28  5.1  0.833943
28  5.3  0.704924
28  5.5  0.598715
28  5.7  0.510626
28  5.9  0.437963
28  6.1  0.377179
28  6.3  0.326102
28  6.5  0.283065
28  6.7  0.246368
28  6.9  0.215244
28  7.1  0.188539
28  7.3  0.165909
28  7.5  0.146355
28  7.7  0.129401
28  7.9  0.114831
28  8.1  0.102097
28  8.3  0.0909922
28  8.5  0.081284
28  8.7  0.0727403
28  8.9  0.0652742
28  9.1  0.0587171
28  9.3  0.0529348
28  9.5  0.0477955
28  9.7  0.043226
28  9.9  0.0391705
28  10.1  0.0355455
28  10.3  0.0323233
28  10.5  0.0294211
28  10.7  0.0268214
28  10.9  0.0244995
28  11.1  0.0224262
28  11.3  0.020538
28  11.5  0.0188454
28  11.7  0.017312
28  11.9  0.015912
30  0.1  698.369
30  0.3  457.54
30  0.5  313.824
30  0.7  217.761
30  0.9  151.726
30  1.1  106.337
30  1.3  75.0219
30  1.5  53.2995
30  1.7  38.2573
30  1.9  27.7581
30  2.1  20.373
30  2.3  15.1301
30  2.5  11.3718
30  2.7  8.64613
30  2.9  6.64569
30  3.1  5.166
30  3.3  4.05702
30  3.5  3.2152
30  3.7  2.57062
30  3.9  2.07433
30  4.1  1.68698
30  4.3  1.38163
30  4.5  1.13932
30  4.7  0.945276
30  4.9  0.789876
30  5.1  0.66359
30  5.3  0.560741
30  5.5  0.475869
30  5.7  0.40563
30  5.9  0.347641
30  6.1  0.299156
30  6.3  0.25843
30  6.5  0.224217
30  6.7  0.195154
30  6.9  0.170458
30  7.1  0.149221
30  7.3  0.131201
30  7.5  0.115707
30  7.7  0.102365
30  7.9  0.0907253
30  8.1  0.080614
30  8.3  0.0718602
30  8.5  0.0641262
30  8.7  0.0574259
30  8.9  0.0515339
30  9.1  0.0463222
30  9.3  0.0417259
30  9.5  0.0376754
30  9.7  0.034073
30  9.9  0.0308568
30  10.1  0.0279907
30  10.3  0.0254485
30  10.5  0.0231661
30  10.7  0.0211028
30  10.9  0.0192776
30  11.1  0.0176298
30  11.3  0.0161537
30  11.5  0.0148235
30  11.7  0.0136048
30  11.9  0.0125128
32  0.1  560.568
32  0.3  366.409
32  0.5  250.409
32  0.7  172.622
32  0.9  119.452
32  1.1  82.9952
32  1.3  58.0696
32  1.5  40.9629
32  1.7  29.1758
32  1.9  21.0516
32  2.1  15.3708
32  2.3  11.3618
32  2.5  8.50756
32  2.7  6.44822
32  2.9  4.94293
32  3.1  3.83335
32  3.3  3.00382
32  3.5  2.37646
32  3.7  1.89591
32  3.9  1.52754
32  4.1  1.24038
32  4.3  1.01521
32  4.5  0.835837
32  4.7  0.692387
32  4.9  0.57781
32  5.1  0.485485
32  5.3  0.409536
32  5.5  0.347215
32  5.7  0.295653
32  5.9  0.253169
32  6.1  0.217735
32  6.3  0.188118
32  6.5  0.163032
32  6.7  0.141778
32  6.9  0.123722
32  7.1  0.108231
32  7.3  0.0951771
32  7.5  0.0838638
32  7.7  0.0740706
32  7.9  0.0656659
32  8.1  0.0583604
32  8.3  0.051927
32  8.5  0.0463992
32  8.7  0.041487
32  8.9  0.037172
32  9.1  0.0333998
32  9.3  0.0301216
32  9.5  0.0272257
32  9.7  0.0245755
32  9.9  0.0222503
32  10.1  0.0202053
32  10.3  0.0183551
32  10.5  0.0166937
32  10.7  0.0152206
32  10.9  0.013909
32  11.1  0.0127235
32  11.3  0.0116551
32  11.5  0.0106881
32  11.7  0.00980945
32  11.9  0.00903663
