# fragmentation : Kniehl & Kramer (N=0.694, eps=0.101)
# channel       : An0n
#   dipole file dir       : data/Pb/mve/glauber_mve_<b>
#   pD0 loop             : 0.1 to 12.0 GeV, step 0.2
#   fixed rapidity y      : -0.5
# ============================================================
# b  pD0  dsigma_dy
0  0.1  1242.46
0  0.3  819.631
0  0.5  567.436
0  0.7  399.662
0  0.9  285.159
0  1.1  205.387
0  1.3  149.149
0  1.5  109.164
0  1.7  80.5
0  1.9  59.8457
0  2.1  44.8774
0  2.3  33.9515
0  2.5  25.9184
0  2.7  19.9751
0  2.9  15.5277
0  3.1  12.1814
0  3.3  9.63894
0  3.5  7.69492
0  3.7  6.19002
0  3.9  5.01553
0  4.1  4.09288
0  4.3  3.36422
0  4.5  2.78276
0  4.7  2.31544
0  4.9  1.93728
0  5.1  1.62833
0  5.3  1.37786
0  5.5  1.17078
0  5.7  0.998733
0  5.9  0.85639
0  6.1  0.736638
0  6.3  0.636382
0  6.5  0.551483
0  6.7  0.480111
0  6.9  0.41919
0  7.1  0.367084
0  7.3  0.322425
0  7.5  0.283922
0  7.7  0.250799
0  7.9  0.222014
0  8.1  0.197149
0  8.3  0.175473
0  8.5  0.156504
0  8.7  0.139882
0  8.9  0.125306
0  9.1  0.112462
0  9.3  0.101159
0  9.5  0.0911375
0  9.7  0.0822439
0  9.9  0.074361
0  10.1  0.0673635
0  10.3  0.0611253
0  10.5  0.0555614
0  10.7  0.0505646
0  10.9  0.0460815
0  11.1  0.0420426
0  11.3  0.0384155
0  11.5  0.035153
0  11.7  0.0322119
0  11.9  0.0295467
2  0.1  1241.37
2  0.3  818.776
2  0.5  566.37
2  0.7  399.22
2  0.9  284.832
2  1.1  205.14
2  1.3  148.961
2  1.5  109.02
2  1.7  80.3889
2  1.9  59.7607
2  2.1  44.8097
2  2.3  33.9
2  2.5  25.8783
2  2.7  19.9438
2  2.9  15.5027
2  3.1  12.1617
2  3.3  9.62317
2  3.5  7.68221
2  3.7  6.17964
2  3.9  5.00713
2  4.1  4.08599
2  4.3  3.3585
2  4.5  2.77796
2  4.7  2.31145
2  4.9  1.93393
2  5.1  1.62551
2  5.3  1.37545
2  5.5  1.16877
2  5.7  0.997018
2  5.9  0.854897
2  6.1  0.735336
2  6.3  0.635269
2  6.5  0.55054
2  6.7  0.479268
2  6.9  0.41845
2  7.1  0.366439
2  7.3  0.321858
2  7.5  0.283414
2  7.7  0.250359
2  7.9  0.221622
2  8.1  0.196799
2  8.3  0.175169
2  8.5  0.156222
2  8.7  0.139655
2  8.9  0.125084
2  9.1  0.112255
2  9.3  0.100962
2  9.5  0.0909737
2  9.7  0.0820899
2  9.9  0.0742551
2  10.1  0.0672428
2  10.3  0.0610112
2  10.5  0.0554615
2  10.7  0.0504718
2  10.9  0.0459955
2  11.1  0.0419767
2  11.3  0.0383475
2  11.5  0.0350909
2  11.7  0.0321444
2  11.9  0.0294904
4  0.1  1237.49
4  0.3  816.205
4  0.5  565.024
4  0.7  397.892
4  0.9  283.857
4  1.1  204.397
4  1.3  148.412
4  1.5  108.585
4  1.7  80.0539
4  1.9  59.5026
4  2.1  44.6106
4  2.3  33.7461
4  2.5  25.7572
4  2.7  19.8492
4  2.9  15.4311
4  3.1  12.1039
4  3.3  9.57529
4  3.5  7.64377
4  3.7  6.1485
4  3.9  4.98134
4  4.1  4.06515
4  4.3  3.34063
4  4.5  2.76371
4  4.7  2.29951
4  4.9  1.92388
4  5.1  1.6181
4  5.3  1.36769
4  5.5  1.16258
4  5.7  0.992227
4  5.9  0.850307
4  6.1  0.731239
4  6.3  0.631875
4  6.5  0.547743
4  6.7  0.476701
4  6.9  0.416137
4  7.1  0.364396
4  7.3  0.320005
4  7.5  0.281881
4  7.7  0.249021
4  7.9  0.220434
4  8.1  0.195734
4  8.3  0.174183
4  8.5  0.155403
4  8.7  0.138897
4  8.9  0.124411
4  9.1  0.111705
4  9.3  0.100406
4  9.5  0.0904786
4  9.7  0.0816458
4  9.9  0.073825
4  10.1  0.0668975
4  10.3  0.060684
4  10.5  0.0551436
4  10.7  0.0501952
4  10.9  0.0457431
4  11.1  0.0417437
4  11.3  0.0381537
4  11.5  0.034905
4  11.7  0.0319587
4  11.9  0.0293143
6  0.1  1230.94
6  0.3  811.862
6  0.5  561.939
6  0.7  395.651
6  0.9  282.156
6  1.1  203.14
6  1.3  147.433
6  1.5  107.851
6  1.7  79.4913
6  1.9  59.0667
6  2.1  44.2689
6  2.3  33.485
6  2.5  25.5533
6  2.7  19.689
6  2.9  15.3014
6  3.1  12.0016
6  3.3  9.49518
6  3.5  7.57905
6  3.7  6.09606
6  3.9  4.93893
6  4.1  4.02999
6  4.3  3.31231
6  4.5  2.73957
6  4.7  2.2794
6  4.9  1.90698
6  5.1  1.60259
6  5.3  1.35614
6  5.5  1.15227
6  5.7  0.982932
6  5.9  0.842805
6  6.1  0.724903
6  6.3  0.626234
6  6.5  0.542731
6  6.7  0.4724
6  6.9  0.412432
6  7.1  0.361175
6  7.3  0.317196
6  7.5  0.279335
6  7.7  0.246741
6  7.9  0.218425
6  8.1  0.193955
6  8.3  0.172624
6  8.5  0.153967
6  8.7  0.137614
6  8.9  0.123254
6  9.1  0.110625
6  9.3  0.0994766
6  9.5  0.0896494
6  9.7  0.080898
6  9.9  0.0731281
6  10.1  0.0662716
6  10.3  0.0601156
6  10.5  0.0546297
6  10.7  0.0497247
6  10.9  0.045324
6  11.1  0.0413456
6  11.3  0.0377749
6  11.5  0.0345729
6  11.7  0.0316777
6  11.9  0.0290551
8  0.1  1222.16
8  0.3  805.585
8  0.5  557.532
8  0.7  392.44
8  0.9  279.768
8  1.1  201.348
8  1.3  146.07
8  1.5  106.805
8  1.7  78.6885
8  1.9  58.4395
8  2.1  43.7993
8  2.3  33.1147
8  2.5  25.2635
8  2.7  19.4613
8  2.9  15.1216
8  3.1  11.859
8  3.3  9.38114
8  3.5  7.48729
8  3.7  6.02155
8  3.9  4.87813
8  4.1  3.98011
8  4.3  3.2711
8  4.5  2.70531
8  4.7  2.25075
8  4.9  1.88294
8  5.1  1.58257
8  5.3  1.33812
8  5.5  1.13761
8  5.7  0.970431
8  5.9  0.831983
8  6.1  0.71542
8  6.3  0.618128
8  6.5  0.535914
8  6.7  0.466297
8  6.9  0.407074
8  7.1  0.356492
8  7.3  0.313029
8  7.5  0.2757
8  7.7  0.24349
8  7.9  0.215586
8  8.1  0.191367
8  8.3  0.170323
8  8.5  0.151927
8  8.7  0.135795
8  8.9  0.121697
8  9.1  0.109155
8  9.3  0.0981462
8  9.5  0.0884543
8  9.7  0.0798154
8  9.9  0.0721681
8  10.1  0.0653757
8  10.3  0.0593247
8  10.5  0.0538972
8  10.7  0.0490501
8  10.9  0.0447039
8  11.1  0.040809
8  11.3  0.0372796
8  11.5  0.0341121
8  11.7  0.0312448
8  11.9  0.0286593
10  0.1  1209.91
10  0.3  797.173
10  0.5  551.673
10  0.7  388.206
10  0.9  276.628
10  1.1  198.978
10  1.3  144.265
10  1.5  105.426
10  1.7  77.6282
10  1.9  57.6228
10  2.1  43.1523
10  2.3  32.6237
10  2.5  24.8825
10  2.7  19.1618
10  2.9  14.8897
10  3.1  11.6713
10  3.3  9.23339
10  3.5  7.36652
10  3.7  5.92381
10  3.9  4.79848
10  4.1  3.91474
10  4.3  3.21705
10  4.5  2.66048
10  4.7  2.21319
10  4.9  1.8514
10  5.1  1.55588
10  5.3  1.31568
10  5.5  1.11835
10  5.7  0.95388
10  5.9  0.817281
10  6.1  0.703385
10  6.3  0.607606
10  6.5  0.526506
10  6.7  0.458286
10  6.9  0.400097
10  7.1  0.350349
10  7.3  0.307683
10  7.5  0.270913
10  7.7  0.239334
10  7.9  0.211818
10  8.1  0.18808
10  8.3  0.167393
10  8.5  0.149286
10  8.7  0.133469
10  8.9  0.119505
10  9.1  0.107259
10  9.3  0.0964467
10  9.5  0.0868856
10  9.7  0.0784262
10  9.9  0.0709028
10  10.1  0.0642264
10  10.3  0.0582677
10  10.5  0.0529456
10  10.7  0.048188
10  10.9  0.0439097
10  11.1  0.0400787
10  11.3  0.0366093
10  11.5  0.0335009
10  11.7  0.0306877
10  11.9  0.0281539
12  0.1  1193.72
12  0.3  786.741
12  0.5  544.234
12  0.7  382.856
12  0.9  272.646
12  1.1  195.98
12  1.3  141.985
12  1.5  103.682
12  1.7  76.291
12  1.9  56.5964
12  2.1  42.3621
12  2.3  32.0067
12  2.5  24.4029
12  2.7  18.7849
12  2.9  14.5928
12  3.1  11.4359
12  3.3  9.04527
12  3.5  7.21495
12  3.7  5.80094
12  3.9  4.69825
12  4.1  3.83246
12  4.3  3.14916
12  4.5  2.60408
12  4.7  2.16611
12  4.9  1.81181
12  5.1  1.52259
12  5.3  1.28731
12  5.5  1.09425
12  5.7  0.933669
12  5.9  0.79953
12  6.1  0.688051
12  6.3  0.594289
12  6.5  0.515023
12  6.7  0.448277
12  6.9  0.391333
12  7.1  0.34264
12  7.3  0.300917
12  7.5  0.264919
12  7.7  0.234036
12  7.9  0.20712
12  8.1  0.183899
12  8.3  0.163669
12  8.5  0.146001
12  8.7  0.130452
12  8.9  0.116852
12  9.1  0.104864
12  9.3  0.094276
12  9.5  0.0849343
12  9.7  0.0766568
12  9.9  0.0693256
12  10.1  0.0627708
12  10.3  0.0569515
12  10.5  0.0517597
12  10.7  0.0471137
12  10.9  0.0429215
12  11.1  0.0391731
12  11.3  0.0357826
12  11.5  0.0327463
12  11.7  0.0300001
12  11.9  0.0275155
14  0.1  1174.45
14  0.3  773.747
14  0.5  534.982
14  0.7  376.302
14  0.9  267.713
14  1.1  192.275
14  1.3  139.171
14  1.5  101.532
14  1.7  74.6438
14  1.9  55.3344
14  2.1  41.3854
14  2.3  31.2509
14  2.5  23.8144
14  2.7  18.3235
14  2.9  14.2306
14  3.1  11.1475
14  3.3  8.81484
14  3.5  7.02948
14  3.7  5.65063
14  3.9  4.57586
14  4.1  3.73202
14  4.3  3.06622
14  4.5  2.53525
14  4.7  2.10848
14  4.9  1.76335
14  5.1  1.48188
14  5.3  1.25336
14  5.5  1.06469
14  5.7  0.908057
14  5.9  0.777836
14  6.1  0.669325
14  6.3  0.578032
14  6.5  0.500951
14  6.7  0.436
14  6.9  0.380581
14  7.1  0.333247
14  7.3  0.292673
14  7.5  0.25763
14  7.7  0.227444
14  7.9  0.201367
14  8.1  0.178798
14  8.3  0.159118
14  8.5  0.141894
14  8.7  0.126846
14  8.9  0.113579
14  9.1  0.101927
14  9.3  0.0916609
14  9.5  0.0825644
14  9.7  0.0745111
14  9.9  0.0673471
14  10.1  0.0610364
14  10.3  0.0553609
14  10.5  0.0503163
14  10.7  0.0457703
14  10.9  0.0417052
14  11.1  0.0380584
14  11.3  0.0347662
14  11.5  0.0318062
14  11.7  0.0291444
14  11.9  0.0267352
16  0.1  1151.29
16  0.3  757.897
16  0.5  523.748
16  0.7  368.149
16  0.9  261.776
16  1.1  187.75
16  1.3  135.736
16  1.5  98.9165
16  1.7  72.6444
16  1.9  53.798
16  2.1  40.2079
16  2.3  30.3358
16  2.5  23.1026
16  2.7  17.7659
16  2.9  13.7871
16  3.1  10.7993
16  3.3  8.53672
16  3.5  6.80576
16  3.7  5.46933
16  3.9  4.42808
16  4.1  3.61077
16  4.3  2.96607
16  4.5  2.45204
16  4.7  2.03899
16  4.9  1.7051
16  5.1  1.43273
16  5.3  1.21106
16  5.5  1.0291
16  5.7  0.877993
16  5.9  0.752044
16  6.1  0.646658
16  6.3  0.55841
16  6.5  0.484168
16  6.7  0.421209
16  6.9  0.36766
16  7.1  0.321817
16  7.3  0.282646
16  7.5  0.24891
16  7.7  0.219807
16  7.9  0.194491
16  8.1  0.172651
16  8.3  0.15361
16  8.5  0.137024
16  8.7  0.122447
16  8.9  0.109712
16  9.1  0.0984034
16  9.3  0.0884667
16  9.5  0.079677
16  9.7  0.0719235
16  9.9  0.065019
16  10.1  0.0589075
16  10.3  0.0534354
16  10.5  0.0485492
16  10.7  0.0441711
16  10.9  0.0402627
16  11.1  0.0367215
16  11.3  0.0335478
16  11.5  0.0306916
16  11.7  0.0281199
16  11.9  0.0257923
18  0.1  1121.38
18  0.3  738.434
18  0.5  510.032
18  0.7  358.224
18  0.9  254.425
18  1.1  182.274
18  1.3  131.58
18  1.5  95.7489
18  1.7  70.2218
18  1.9  51.9473
18  2.1  38.7848
18  2.3  29.236
18  2.5  22.2471
18  2.7  17.0964
18  2.9  13.261
18  3.1  10.3824
18  3.3  8.20356
18  3.5  6.53777
18  3.7  5.2524
18  3.9  4.25138
18  4.1  3.46591
18  4.3  2.84637
18  4.5  2.35262
18  4.7  1.95594
18  4.9  1.63541
18  5.1  1.37399
18  5.3  1.16128
18  5.5  0.986688
18  5.7  0.841357
18  5.9  0.720837
18  6.1  0.619782
18  6.3  0.535082
18  6.5  0.463899
18  6.7  0.403561
18  6.9  0.352215
18  7.1  0.308353
18  7.3  0.27078
18  7.5  0.238395
18  7.7  0.210492
18  7.9  0.186234
18  8.1  0.165329
18  8.3  0.147094
18  8.5  0.131174
18  8.7  0.117277
18  8.9  0.104973
18  9.1  0.0942486
18  9.3  0.0846769
18  9.5  0.0762957
18  9.7  0.0688384
18  9.9  0.0622306
18  10.1  0.0563729
18  10.3  0.0511319
18  10.5  0.0464522
18  10.7  0.0422705
18  10.9  0.0385112
18  11.1  0.0351404
18  11.3  0.0321045
18  11.5  0.0293697
18  11.7  0.0269074
18  11.9  0.0246768
20  0.1  1086.01
20  0.3  714.145
20  0.5  493.228
20  0.7  346.082
20  0.9  245.461
20  1.1  175.529
20  1.3  126.513
20  1.5  91.904
20  1.7  67.2977
20  1.9  49.7088
20  2.1  37.0707
20  2.3  27.9105
20  2.5  21.2177
20  2.7  16.2933
20  2.9  12.6295
20  3.1  9.88219
20  3.3  7.80442
20  3.5  6.21711
20  3.7  4.99283
20  3.9  4.03981
20  4.1  3.29245
20  4.3  2.70316
20  4.5  2.23359
20  4.7  1.85669
20  4.9  1.55202
20  5.1  1.30383
20  5.3  1.1022
20  5.5  0.935916
20  5.7  0.798226
20  5.9  0.683691
20  6.1  0.587676
20  6.3  0.507539
20  6.5  0.4398
20  6.7  0.382489
20  6.9  0.333762
20  7.1  0.292097
20  7.3  0.256519
20  7.5  0.225809
20  7.7  0.199346
20  7.9  0.176452
20  8.1  0.15659
20  8.3  0.139292
20  8.5  0.124236
20  8.7  0.111025
20  8.9  0.0994162
20  9.1  0.0892379
20  9.3  0.0801578
20  9.5  0.0721837
20  9.7  0.0651568
20  9.9  0.0589074
20  10.1  0.0533584
20  10.3  0.0483961
20  10.5  0.0439662
20  10.7  0.0399852
20  10.9  0.0364431
20  11.1  0.0332519
20  11.3  0.0303829
20  11.5  0.0277895
20  11.7  0.0254442
20  11.9  0.0233449
22  0.1  1041.97
22  0.3  684.656
22  0.5  472.388
22  0.7  331.112
22  0.9  234.441
22  1.1  167.33
22  1.3  120.312
22  1.5  87.2105
22  1.7  63.7545
22  1.9  47.0007
22  2.1  35.0132
22  2.3  26.3296
22  2.5  20.0086
22  2.7  15.3567
22  2.9  11.9063
22  3.1  9.32726
22  3.3  7.36928
22  3.5  5.8832
22  3.7  4.73432
22  3.9  3.84265
22  4.1  3.14131
22  4.3  2.59213
22  4.5  2.15483
22  4.7  1.80372
22  4.9  1.52079
22  5.1  1.29024
22  5.3  1.10148
22  5.5  0.950138
22  5.7  0.823047
22  5.9  0.716614
22  6.1  0.629199
22  6.3  0.555731
22  6.5  0.482201
22  6.7  0.410414
22  6.9  0.349893
22  7.1  0.298078
22  7.3  0.253876
22  7.5  0.21706
22  7.7  0.186739
22  7.9  0.164643
22  8.1  0.146122
22  8.3  0.129991
22  8.5  0.115943
22  8.7  0.103555
22  8.9  0.0927342
22  9.1  0.0832315
22  9.3  0.0747944
22  9.5  0.0673512
22  9.7  0.060757
22  9.9  0.0549141
22  10.1  0.0497322
22  10.3  0.0451124
22  10.5  0.0409776
22  10.7  0.0372865
22  10.9  0.0339672
22  11.1  0.0309914
22  11.3  0.0283012
22  11.5  0.025896
22  11.7  0.0237155
22  11.9  0.0217455
24  0.1  986.316
24  0.3  648.099
24  0.5  446.464
24  0.7  312.331
24  0.9  220.641
24  1.1  157.023
24  1.3  112.629
24  1.5  81.4245
24  1.7  59.352
24  1.9  43.6661
24  2.1  32.4396
24  2.3  24.3543
24  2.5  18.4631
24  2.7  14.1462
24  2.9  10.9465
24  3.1  8.5514
24  3.3  6.7438
24  3.5  5.36583
24  3.7  4.30467
24  3.9  3.47957
24  4.1  2.83345
24  4.3  2.32458
24  4.5  1.91945
24  4.7  1.59442
24  4.9  1.33201
24  5.1  1.11877
24  5.3  0.944393
24  5.5  0.801962
24  5.7  0.683686
24  5.9  0.585347
24  6.1  0.503075
24  6.3  0.433965
24  6.5  0.376003
24  6.7  0.326978
24  6.9  0.285261
24  7.1  0.249586
24  7.3  0.219069
24  7.5  0.192783
24  7.7  0.170117
24  7.9  0.150519
24  8.1  0.13361
24  8.3  0.118816
24  8.5  0.105915
24  8.7  0.094605
24  8.9  0.0846951
24  9.1  0.0760221
24  9.3  0.0683119
24  9.5  0.0614934
24  9.7  0.0554826
24  9.9  0.0501501
24  10.1  0.0453967
24  10.3  0.0411778
24  10.5  0.0374198
24  10.7  0.0340271
24  10.9  0.0309924
24  11.1  0.0282803
24  11.3  0.0258306
24  11.5  0.0236247
24  11.7  0.0216342
24  11.9  0.0198383
26  0.1  915.936
26  0.3  600.496
26  0.5  413.364
26  0.7  288.433
26  0.9  203.246
26  1.1  144.148
26  1.3  103.028
26  1.5  74.2186
26  1.7  53.9241
26  1.9  39.553
26  2.1  29.3209
26  2.3  21.9635
26  2.5  16.6232
26  2.7  12.7135
26  2.9  9.82264
26  3.1  7.66731
26  3.3  6.03826
26  3.5  4.8003
26  3.7  3.84787
26  3.9  3.10815
26  4.1  2.52924
26  4.3  2.07384
26  4.5  1.71144
26  4.7  1.4209
26  4.9  1.18653
26  5.1  0.995866
26  5.3  0.841046
26  5.5  0.713564
26  5.7  0.607999
26  5.9  0.520151
26  6.1  0.447203
26  6.3  0.385731
26  6.5  0.333966
26  6.7  0.290513
26  6.9  0.253209
26  7.1  0.221497
26  7.3  0.194383
26  7.5  0.17103
26  7.7  0.150918
26  7.9  0.133494
26  8.1  0.118429
26  8.3  0.105318
26  8.5  0.0938929
26  8.7  0.0838506
26  8.9  0.0750575
26  9.1  0.0673496
26  9.3  0.0605202
26  9.5  0.0544845
26  9.7  0.0491241
26  9.9  0.0444084
26  10.1  0.0401867
26  10.3  0.0364555
26  10.5  0.033097
26  10.7  0.0301088
26  10.9  0.0274181
26  11.1  0.02501
26  11.3  0.0228474
26  11.5  0.0208871
26  11.7  0.0191309
26  11.9  0.0175347
28  0.1  824.985
28  0.3  540.75
28  0.5  371.026
28  0.7  258.322
28  0.9  181.16
28  1.1  127.965
28  1.3  91.007
28  1.5  65.2563
28  1.7  47.22
28  1.9  34.5129
28  2.1  25.4959
28  2.3  19.0443
28  2.5  14.3774
28  2.7  10.9753
28  2.9  8.46377
28  3.1  6.59688
28  3.3  5.18767
28  3.5  4.11921
28  3.7  3.29848
28  3.9  2.66187
28  4.1  2.16415
28  4.3  1.77292
28  4.5  1.4621
28  4.7  1.21217
28  4.9  1.0123
28  5.1  0.849455
28  5.3  0.716756
28  5.5  0.607901
28  5.7  0.517696
28  5.9  0.442657
28  6.1  0.380419
28  6.3  0.32794
28  6.5  0.283854
28  6.7  0.246728
28  6.9  0.215116
28  7.1  0.188083
28  7.3  0.164975
28  7.5  0.145153
28  7.7  0.128005
28  7.9  0.113173
28  8.1  0.100396
28  8.3  0.0892608
28  8.5  0.0795593
28  8.7  0.0710378
28  8.9  0.0635601
28  9.1  0.0569932
28  9.3  0.0512329
28  9.5  0.0461152
28  9.7  0.0415578
28  9.9  0.0375591
28  10.1  0.0339894
28  10.3  0.0308328
28  10.5  0.0279935
28  10.7  0.0254361
28  10.9  0.023167
28  11.1  0.0211325
28  11.3  0.0192975
28  11.5  0.0176481
28  11.7  0.0161567
28  11.9  0.0148038
30  0.1  711.356
30  0.3  465.047
30  0.5  318.641
30  0.7  220.861
30  0.9  154.02
30  1.1  108.112
30  1.3  76.4026
30  1.5  54.4591
30  1.7  39.1931
30  1.9  28.5029
30  2.1  20.9698
30  2.3  15.6054
30  2.5  11.7407
30  2.7  8.93845
30  2.9  6.87845
30  3.1  5.34703
30  3.3  4.19784
30  3.5  3.32783
30  3.7  2.66194
30  3.9  2.14536
30  4.1  1.74209
30  4.3  1.42582
30  4.5  1.17472
30  4.7  0.973708
30  4.9  0.811789
30  5.1  0.680375
30  5.3  0.573968
30  5.5  0.486209
30  5.7  0.413886
30  5.9  0.353743
30  6.1  0.303753
30  6.3  0.26166
30  6.5  0.226302
30  6.7  0.19667
30  6.9  0.171383
30  7.1  0.149826
30  7.3  0.131375
30  7.5  0.11554
30  7.7  0.101781
30  7.9  0.0899649
30  8.1  0.0797535
30  8.3  0.0709142
30  8.5  0.0631593
30  8.7  0.0563777
30  8.9  0.0504548
30  9.1  0.0452068
30  9.3  0.0406146
30  9.5  0.0365248
30  9.7  0.0329363
30  9.9  0.0297566
30  10.1  0.026933
30  10.3  0.0244058
30  10.5  0.0221514
30  10.7  0.0201274
30  10.9  0.0183327
30  11.1  0.0167196
30  11.3  0.0152717
30  11.5  0.0139544
30  11.7  0.0127744
30  11.9  0.0116953
32  0.1  577.101
32  0.3  376.712
32  0.5  257.049
32  0.7  177.233
32  0.9  122.689
32  1.1  85.4453
32  1.3  59.8978
32  1.5  42.374
32  1.7  30.2839
32  1.9  21.8861
32  2.1  16.0181
32  2.3  11.8652
32  2.5  8.8907
32  2.7  6.7448
32  2.9  5.17454
32  3.1  4.0118
32  3.3  3.14295
32  3.5  2.48569
32  3.7  1.9845
32  3.9  1.59678
32  4.1  1.29453
32  4.3  1.05723
32  4.5  0.869394
32  4.7  0.720221
32  4.9  0.600014
32  5.1  0.502608
32  5.3  0.423151
32  5.5  0.358506
32  5.7  0.304728
32  5.9  0.26029
32  6.1  0.223313
32  6.3  0.192262
32  6.5  0.166266
32  6.7  0.144265
32  6.9  0.1256
32  7.1  0.109706
32  7.3  0.0961148
32  7.5  0.084402
32  7.7  0.074361
32  7.9  0.0656595
32  8.1  0.0581255
32  8.3  0.0516177
32  8.5  0.0460862
32  8.7  0.0411562
32  8.9  0.0367493
32  9.1  0.0328956
32  9.3  0.0295247
32  9.5  0.0265428
32  9.7  0.023905
32  9.9  0.021588
32  10.1  0.0195266
32  10.3  0.0177185
32  10.5  0.0160978
32  10.7  0.0146273
32  10.9  0.0133181
32  11.1  0.0121338
32  11.3  0.0110608
32  11.5  0.0100873
32  11.7  0.00922832
32  11.9  0.00847612
