# fragmentation : Kniehl & Kramer (N=0.694, eps=0.101)
# channel       : An0n
#   dipole file dir       : data/Pb/mve/glauber_mve_<b>
#   pD0 loop             : 0.1 to 12.0 GeV, step 0.2
#   fixed rapidity y      : 4.0
# ============================================================
# b  pD0  dsigma_dy
0  0.1  20.5385
0  0.3  11.1833
0  0.5  6.20956
0  0.7  3.39151
0  0.9  1.83202
0  1.1  0.98562
0  1.3  0.530803
0  1.5  0.287052
0  1.7  0.156127
0  1.9  0.0855371
0  2.1  0.0472261
0  2.3  0.0263096
0  2.5  0.014782
0  2.7  0.00837225
0  2.9  0.00478496
0  3.1  0.00275646
0  3.3  0.00160203
0  3.5  0.000937682
0  3.7  0.000553204
0  3.9  0.000328748
0  4.1  0.000196737
0  4.3  0.000118561
0  4.5  7.18729e-05
0  4.7  4.38442e-05
0  4.9  2.69002e-05
0  5.1  1.65989e-05
0  5.3  1.02923e-05
0  5.5  6.41612e-06
0  5.7  4.01868e-06
0  5.9  2.52909e-06
0  6.1  1.59827e-06
0  6.3  1.0144e-06
0  6.5  6.46654e-07
0  6.7  4.13604e-07
0  6.9  2.65521e-07
0  7.1  1.71056e-07
0  7.3  1.10627e-07
0  7.5  7.17471e-08
0  7.7  4.66847e-08
0  7.9  3.04667e-08
0  8.1  1.99427e-08
0  8.3  1.30874e-08
0  8.5  8.61324e-09
0  8.7  5.67998e-09
0  8.9  3.76062e-09
0  9.1  2.49397e-09
0  9.3  1.65762e-09
0  9.5  1.10385e-09
0  9.7  7.36948e-10
0  9.9  4.92966e-10
0  10.1  3.30501e-10
0  10.3  2.21868e-10
0  10.5  1.49275e-10
0  10.7  1.00608e-10
0  10.9  6.80071e-11
0  11.1  4.60079e-11
0  11.3  3.11623e-11
0  11.5  2.11532e-11
0  11.7  1.43824e-11
0  11.9  9.79555e-12
2  0.1  20.5254
2  0.3  11.1762
2  0.5  6.20547
2  0.7  3.38922
2  0.9  1.83074
2  1.1  0.984902
2  1.3  0.5304
2  1.5  0.286824
2  1.7  0.155998
2  1.9  0.085464
2  2.1  0.0471835
2  2.3  0.026285
2  2.5  0.0147681
2  2.7  0.00836392
2  2.9  0.00478002
2  3.1  0.00275354
2  3.3  0.0016003
2  3.5  0.000936641
2  3.7  0.00055258
2  3.9  0.00032837
2  4.1  0.000196509
2  4.3  0.000118421
2  4.5  7.17865e-05
2  4.7  4.37908e-05
2  4.9  2.68689e-05
2  5.1  1.65784e-05
2  5.3  1.02794e-05
2  5.5  6.40803e-06
2  5.7  4.01358e-06
2  5.9  2.52584e-06
2  6.1  1.59621e-06
2  6.3  1.01308e-06
2  6.5  6.45809e-07
2  6.7  4.13059e-07
2  6.9  2.6517e-07
2  7.1  1.70828e-07
2  7.3  1.10479e-07
2  7.5  7.16505e-08
2  7.7  4.66214e-08
2  7.9  3.04264e-08
2  8.1  1.991e-08
2  8.3  1.30701e-08
2  8.5  8.60181e-09
2  8.7  5.67243e-09
2  8.9  3.75562e-09
2  9.1  2.49048e-09
2  9.3  1.65535e-09
2  9.5  1.1023e-09
2  9.7  7.35902e-10
2  9.9  4.92265e-10
2  10.1  3.30028e-10
2  10.3  2.21548e-10
2  10.5  1.49062e-10
2  10.7  1.00503e-10
2  10.9  6.7909e-11
2  11.1  4.59413e-11
2  11.3  3.11169e-11
2  11.5  2.11221e-11
2  11.7  1.43613e-11
2  11.9  9.78107e-12
4  0.1  20.4858
4  0.3  11.1544
4  0.5  6.19314
4  0.7  3.38231
4  0.9  1.82687
4  1.1  0.982754
4  1.3  0.529185
4  1.5  0.286136
4  1.7  0.155608
4  1.9  0.0852383
4  2.1  0.0470524
4  2.3  0.0262104
4  2.5  0.0147243
4  2.7  0.00833842
4  2.9  0.00476487
4  3.1  0.00274476
4  3.3  0.00159505
4  3.5  0.000933478
4  3.7  0.000550697
4  3.9  0.000327226
4  4.1  0.000195818
4  4.3  0.000118002
4  4.5  7.15248e-05
4  4.7  4.36309e-05
4  4.9  2.677e-05
4  5.1  1.65169e-05
4  5.3  1.02407e-05
4  5.5  6.38332e-06
4  5.7  3.99798e-06
4  5.9  2.51579e-06
4  6.1  1.59047e-06
4  6.3  1.00936e-06
4  6.5  6.43212e-07
4  6.7  4.11392e-07
4  6.9  2.64089e-07
4  7.1  1.70124e-07
4  7.3  1.10021e-07
4  7.5  7.13543e-08
4  7.7  4.64299e-08
4  7.9  3.02989e-08
4  8.1  1.98334e-08
4  8.3  1.30113e-08
4  8.5  8.56065e-09
4  8.7  5.64933e-09
4  8.9  3.7401e-09
4  9.1  2.47975e-09
4  9.3  1.64835e-09
4  9.5  1.09761e-09
4  9.7  7.32487e-10
4  9.9  4.90136e-10
4  10.1  3.28599e-10
4  10.3  2.20601e-10
4  10.5  1.4844e-10
4  10.7  1.00089e-10
4  10.9  6.75712e-11
4  11.1  4.57215e-11
4  11.3  3.10041e-11
4  11.5  2.10312e-11
4  11.7  1.43004e-11
4  11.9  9.73859e-12
6  0.1  20.419
6  0.3  11.1173
6  0.5  6.17231
6  0.7  3.37064
6  0.9  1.82029
6  1.1  0.979109
6  1.3  0.527132
6  1.5  0.284977
6  1.7  0.154948
6  1.9  0.0848587
6  2.1  0.0468351
6  2.3  0.0260846
6  2.5  0.014651
6  2.7  0.00829565
6  2.9  0.00473974
6  3.1  0.0027299
6  3.3  0.00158621
6  3.5  0.000928209
6  3.7  0.000547528
6  3.9  0.00032531
6  4.1  0.000194652
6  4.3  0.000117293
6  4.5  7.10868e-05
6  4.7  4.33602e-05
6  4.9  2.66019e-05
6  5.1  1.64121e-05
6  5.3  1.01751e-05
6  5.5  6.34219e-06
6  5.7  3.97208e-06
6  5.9  2.49944e-06
6  6.1  1.58009e-06
6  6.3  1.00237e-06
6  6.5  6.38963e-07
6  6.7  4.08655e-07
6  6.9  2.62318e-07
6  7.1  1.6898e-07
6  7.3  1.09279e-07
6  7.5  7.08701e-08
6  7.7  4.61106e-08
6  7.9  3.00923e-08
6  8.1  1.96961e-08
6  8.3  1.29224e-08
6  8.5  8.50674e-09
6  8.7  5.60934e-09
6  8.9  3.71366e-09
6  9.1  2.4625e-09
6  9.3  1.63679e-09
6  9.5  1.08985e-09
6  9.7  7.27493e-10
6  9.9  4.86658e-10
6  10.1  3.26278e-10
6  10.3  2.18959e-10
6  10.5  1.47369e-10
6  10.7  9.93468e-11
6  10.9  6.70892e-11
6  11.1  4.53836e-11
6  11.3  3.07613e-11
6  11.5  2.08766e-11
6  11.7  1.41941e-11
6  11.9  9.66683e-12
8  0.1  20.3222
8  0.3  11.0645
8  0.5  6.14243
8  0.7  3.35386
8  0.9  1.811
8  1.1  0.973866
8  1.3  0.524181
8  1.5  0.283313
8  1.7  0.153994
8  1.9  0.0843133
8  2.1  0.0465244
8  2.3  0.0258909
8  2.5  0.0145466
8  2.7  0.00823444
8  2.9  0.00470377
8  3.1  0.00270867
8  3.3  0.00157357
8  3.5  0.000920612
8  3.7  0.000542994
8  3.9  0.000322566
8  4.1  0.000192962
8  4.3  0.000116223
8  4.5  7.04605e-05
8  4.7  4.29736e-05
8  4.9  2.63613e-05
8  5.1  1.62632e-05
8  5.3  1.00815e-05
8  5.5  6.2834e-06
8  5.7  3.93494e-06
8  5.9  2.47585e-06
8  6.1  1.56509e-06
8  6.3  9.93079e-07
8  6.5  6.3283e-07
8  6.7  4.04706e-07
8  6.9  2.59768e-07
8  7.1  1.67329e-07
8  7.3  1.08204e-07
8  7.5  7.01701e-08
8  7.7  4.56523e-08
8  7.9  2.97919e-08
8  8.1  1.94989e-08
8  8.3  1.27941e-08
8  8.5  8.41703e-09
8  8.7  5.55256e-09
8  8.9  3.67591e-09
8  9.1  2.43735e-09
8  9.3  1.61993e-09
8  9.5  1.07866e-09
8  9.7  7.19951e-10
8  9.9  4.81629e-10
8  10.1  3.22887e-10
8  10.3  2.16749e-10
8  10.5  1.45828e-10
8  10.7  9.83054e-11
8  10.9  6.63846e-11
8  11.1  4.49196e-11
8  11.3  3.04378e-11
8  11.5  2.06632e-11
8  11.7  1.40443e-11
8  11.9  9.56543e-12
10  0.1  20.1956
10  0.3  10.9946
10  0.5  6.10275
10  0.7  3.33171
10  0.9  1.79861
10  1.1  0.966952
10  1.3  0.520279
10  1.5  0.281105
10  1.7  0.152745
10  1.9  0.0835958
10  2.1  0.0461125
10  2.3  0.0256659
10  2.5  0.0144082
10  2.7  0.00815365
10  2.9  0.00465633
10  3.1  0.00268055
10  3.3  0.00155578
10  3.5  0.00091063
10  3.7  0.000537002
10  3.9  0.000318943
10  4.1  0.000190768
10  4.3  0.000114917
10  4.5  6.96336e-05
10  4.7  4.24642e-05
10  4.9  2.60454e-05
10  5.1  1.60667e-05
10  5.3  9.95792e-06
10  5.5  6.20613e-06
10  5.7  3.88611e-06
10  5.9  2.44486e-06
10  6.1  1.54529e-06
10  6.3  9.80458e-07
10  6.5  6.24702e-07
10  6.7  3.99474e-07
10  6.9  2.56396e-07
10  7.1  1.65141e-07
10  7.3  1.06781e-07
10  7.5  6.92432e-08
10  7.7  4.50487e-08
10  7.9  2.93927e-08
10  8.1  1.92397e-08
10  8.3  1.262e-08
10  8.5  8.30434e-09
10  8.7  5.47893e-09
10  8.9  3.62636e-09
10  9.1  2.4041e-09
10  9.3  1.59735e-09
10  9.5  1.06388e-09
10  9.7  7.09843e-10
10  9.9  4.74968e-10
10  10.1  3.18416e-10
10  10.3  2.13723e-10
10  10.5  1.43805e-10
10  10.7  9.69457e-11
10  10.9  6.54492e-11
10  11.1  4.42788e-11
10  11.3  3.00295e-11
10  11.5  2.03661e-11
10  11.7  1.38544e-11
10  11.9  9.43073e-12
12  0.1  20.0327
12  0.3  10.9057
12  0.5  6.05627
12  0.7  3.30344
12  0.9  1.78283
12  1.1  0.958118
12  1.3  0.515305
12  1.5  0.278295
12  1.7  0.151148
12  1.9  0.0826863
12  2.1  0.0455887
12  2.3  0.0253498
12  2.5  0.0142323
12  2.7  0.00805104
12  2.9  0.00459624
12  3.1  0.00264498
12  3.3  0.00153468
12  3.5  0.000897977
12  3.7  0.00052942
12  3.9  0.000314367
12  4.1  0.000188004
12  4.3  0.000113224
12  4.5  6.85956e-05
12  4.7  4.18205e-05
12  4.9  2.56466e-05
12  5.1  1.58183e-05
12  5.3  9.8019e-06
12  5.5  6.10853e-06
12  5.7  3.82446e-06
12  5.9  2.40564e-06
12  6.1  1.51992e-06
12  6.3  9.64555e-07
12  6.5  6.14579e-07
12  6.7  3.92936e-07
12  6.9  2.52158e-07
12  7.1  1.62408e-07
12  7.3  1.05002e-07
12  7.5  6.80836e-08
12  7.7  4.4286e-08
12  7.9  2.88982e-08
12  8.1  1.89126e-08
12  8.3  1.24086e-08
12  8.5  8.1602e-09
12  8.7  5.38358e-09
12  8.9  3.56359e-09
12  9.1  2.36277e-09
12  9.3  1.56984e-09
12  9.5  1.04548e-09
12  9.7  6.97627e-10
12  9.9  4.66683e-10
12  10.1  3.12844e-10
12  10.3  2.10082e-10
12  10.5  1.41262e-10
12  10.7  9.5219e-11
12  10.9  6.42925e-11
12  11.1  4.34912e-11
12  11.3  2.94768e-11
12  11.5  2.00089e-11
12  11.7  1.36038e-11
12  11.9  9.26168e-12
14  0.1  19.8294
14  0.3  10.7941
14  0.5  5.99307
14  0.7  3.26815
14  0.9  1.76315
14  1.1  0.947096
14  1.3  0.509107
14  1.5  0.274774
14  1.7  0.14916
14  1.9  0.0815488
14  2.1  0.0449383
14  2.3  0.0249741
14  2.5  0.0140143
14  2.7  0.00792393
14  2.9  0.00452166
14  3.1  0.00260207
14  3.3  0.00150857
14  3.5  0.000882317
14  3.7  0.000520034
14  3.9  0.000308712
14  4.1  0.000184605
14  4.3  0.000111084
14  4.5  6.73112e-05
14  4.7  4.1027e-05
14  4.9  2.51554e-05
14  5.1  1.55122e-05
14  5.3  9.60967e-06
14  5.5  5.98792e-06
14  5.7  3.74832e-06
14  5.9  2.3574e-06
14  6.1  1.48981e-06
14  6.3  9.44874e-07
14  6.5  6.0194e-07
14  6.7  3.84825e-07
14  6.9  2.46952e-07
14  7.1  1.59045e-07
14  7.3  1.02808e-07
14  7.5  6.66663e-08
14  7.7  4.33543e-08
14  7.9  2.82885e-08
14  8.1  1.8511e-08
14  8.3  1.21416e-08
14  8.5  7.98687e-09
14  8.7  5.26808e-09
14  8.9  3.48702e-09
14  9.1  2.31158e-09
14  9.3  1.53592e-09
14  9.5  1.02267e-09
14  9.7  6.82264e-10
14  9.9  4.56442e-10
14  10.1  3.05966e-10
14  10.3  2.05315e-10
14  10.5  1.3813e-10
14  10.7  9.31139e-11
14  10.9  6.28541e-11
14  11.1  4.25281e-11
14  11.3  2.88315e-11
14  11.5  1.95607e-11
14  11.7  1.3298e-11
14  11.9  9.05346e-12
16  0.1  19.5785
16  0.3  10.6571
16  0.5  5.91516
16  0.7  3.2246
16  0.9  1.73873
16  1.1  0.933506
16  1.3  0.50162
16  1.5  0.270466
16  1.7  0.146708
16  1.9  0.080155
16  2.1  0.0441387
16  2.3  0.0245132
16  2.5  0.0137466
16  2.7  0.00776827
16  2.9  0.00443041
16  3.1  0.00254821
16  3.3  0.00147772
16  3.5  0.000863244
16  3.7  0.000508582
16  3.9  0.000301813
16  4.1  0.000180414
16  4.3  0.000108534
16  4.5  6.5746e-05
16  4.7  4.00605e-05
16  4.9  2.45552e-05
16  5.1  1.51397e-05
16  5.3  9.37652e-06
16  5.5  5.84137e-06
16  5.7  3.65587e-06
16  5.9  2.29876e-06
16  6.1  1.4519e-06
16  6.3  9.20998e-07
16  6.5  5.86628e-07
16  6.7  3.74965e-07
16  6.9  2.40606e-07
16  7.1  1.54942e-07
16  7.3  1.00143e-07
16  7.5  6.49091e-08
16  7.7  4.22173e-08
16  7.9  2.75455e-08
16  8.1  1.80223e-08
16  8.3  1.18204e-08
16  8.5  7.77475e-09
16  8.7  5.12797e-09
16  8.9  3.39369e-09
16  9.1  2.24943e-09
16  9.3  1.49436e-09
16  9.5  9.95061e-10
16  9.7  6.63809e-10
16  9.9  4.4408e-10
16  10.1  2.97636e-10
16  10.3  1.99705e-10
16  10.5  1.3437e-10
16  10.7  9.0553e-11
16  10.9  6.11454e-11
16  11.1  4.1369e-11
16  11.3  2.80347e-11
16  11.5  1.90194e-11
16  11.7  1.29296e-11
16  11.9  8.80232e-12
18  0.1  19.2685
18  0.3  10.486
18  0.5  5.81869
18  0.7  3.17092
18  0.9  1.70871
18  1.1  0.916769
18  1.3  0.492062
18  1.5  0.265167
18  1.7  0.143704
18  1.9  0.0784468
18  2.1  0.0431617
18  2.3  0.0239497
18  2.5  0.0134195
18  2.7  0.0075762
18  2.9  0.00431924
18  3.1  0.00248266
18  3.3  0.00143883
18  3.5  0.000840117
18  3.7  0.000494641
18  3.9  0.000293439
18  4.1  0.000175355
18  4.3  0.000105438
18  4.5  6.38537e-05
18  4.7  3.88937e-05
18  4.9  2.3833e-05
18  5.1  1.46885e-05
18  5.3  9.09462e-06
18  5.5  5.66412e-06
18  5.7  3.54406e-06
18  5.9  2.22793e-06
18  6.1  1.40707e-06
18  6.3  8.92351e-07
18  6.5  5.68306e-07
18  6.7  3.63191e-07
18  6.9  2.32967e-07
18  7.1  1.49986e-07
18  7.3  9.6923e-08
18  7.5  6.28261e-08
18  7.7  4.08577e-08
18  7.9  2.66443e-08
18  8.1  1.7434e-08
18  8.3  1.14337e-08
18  8.5  7.51852e-09
18  8.7  4.96128e-09
18  8.9  3.28142e-09
18  9.1  2.17465e-09
18  9.3  1.44447e-09
18  9.5  9.61798e-10
18  9.7  6.41482e-10
18  9.9  4.29097e-10
18  10.1  2.87598e-10
18  10.3  1.92986e-10
18  10.5  1.29789e-10
18  10.7  8.74733e-11
18  10.9  5.90441e-11
18  11.1  3.99637e-11
18  11.3  2.70755e-11
18  11.5  1.83717e-11
18  11.7  1.24847e-11
18  11.9  8.49996e-12
20  0.1  18.8836
20  0.3  10.2753
20  0.5  5.69915
20  0.7  3.10459
20  0.9  1.67153
20  1.1  0.896049
20  1.3  0.480596
20  1.5  0.258626
20  1.7  0.140008
20  1.9  0.0763457
20  2.1  0.0419591
20  2.3  0.0232577
20  2.5  0.0130174
20  2.7  0.00734369
20  2.9  0.00418328
20  3.1  0.00240257
20  3.3  0.0013906
20  3.5  0.000811925
20  3.7  0.000477657
20  3.9  0.000283238
20  4.1  0.000169135
20  4.3  0.00010168
20  4.5  6.15519e-05
20  4.7  3.7475e-05
20  4.9  2.29475e-05
20  5.1  1.41399e-05
20  5.3  8.75599e-06
20  5.5  5.44935e-06
20  5.7  3.40867e-06
20  5.9  2.14229e-06
20  6.1  1.35278e-06
20  6.3  8.57549e-07
20  6.5  5.46047e-07
20  6.7  3.48883e-07
20  6.9  2.23821e-07
20  7.1  1.44019e-07
20  7.3  9.3052e-08
20  7.5  6.03024e-08
20  7.7  3.92012e-08
20  7.9  2.5565e-08
20  8.1  1.67236e-08
20  8.3  1.09667e-08
20  8.5  7.21429e-09
20  8.7  4.75684e-09
20  8.9  3.14569e-09
20  9.1  2.08438e-09
20  9.3  1.3843e-09
20  9.5  9.21735e-10
20  9.7  6.14585e-10
20  9.9  4.11144e-10
20  10.1  2.75505e-10
20  10.3  1.84838e-10
20  10.5  1.24316e-10
20  10.7  8.37835e-11
20  10.9  5.65494e-11
20  11.1  3.82622e-11
20  11.3  2.59085e-11
20  11.5  1.75703e-11
20  11.7  1.19487e-11
20  11.9  8.13494e-12
22  0.1  18.3995
22  0.3  10.0085
22  0.5  5.54903
22  0.7  3.02071
22  0.9  1.62515
22  1.1  0.87005
22  1.3  0.46605
22  1.5  0.250452
22  1.7  0.13539
22  1.9  0.0737264
22  2.1  0.0404638
22  2.3  0.0223998
22  2.5  0.012523
22  2.7  0.00705611
22  2.9  0.00401356
22  3.1  0.00230386
22  3.3  0.00133298
22  3.5  0.000777227
22  3.7  0.000456915
22  3.9  0.000270728
22  4.1  0.000161598
22  4.3  9.70725e-05
22  4.5  5.87019e-05
22  4.7  3.57234e-05
22  4.9  2.18769e-05
22  5.1  1.34735e-05
22  5.3  8.33857e-06
22  5.5  5.18743e-06
22  5.7  3.24346e-06
22  5.9  2.03783e-06
22  6.1  1.28613e-06
22  6.3  8.15232e-07
22  6.5  5.1889e-07
22  6.7  3.31439e-07
22  6.9  2.12559e-07
22  7.1  1.36766e-07
22  7.3  8.8321e-08
22  7.5  5.72355e-08
22  7.7  3.71946e-08
22  7.9  2.42513e-08
22  8.1  1.58573e-08
22  8.3  1.03999e-08
22  8.5  6.83901e-09
22  8.7  4.50886e-09
22  8.9  2.98069e-09
22  9.1  1.97492e-09
22  9.3  1.31126e-09
22  9.5  8.73061e-10
22  9.7  5.82036e-10
22  9.9  3.89131e-10
22  10.1  2.60827e-10
22  10.3  1.74993e-10
22  10.5  1.17671e-10
22  10.7  7.92276e-11
22  10.9  5.35117e-11
22  11.1  3.61703e-11
22  11.3  2.4506e-11
22  11.5  1.66312e-11
22  11.7  1.12999e-11
22  11.9  7.69253e-12
24  0.1  17.7718
24  0.3  9.6677
24  0.5  5.35683
24  0.7  2.91343
24  0.9  1.56558
24  1.1  0.836885
24  1.3  0.447329
24  1.5  0.240063
24  1.7  0.129534
24  1.9  0.0704101
24  2.1  0.0385764
24  2.3  0.02132
24  2.5  0.0119002
24  2.7  0.0066957
24  2.9  0.00380339
24  3.1  0.00218063
24  3.3  0.00126011
24  3.5  0.000733982
24  3.7  0.000431144
24  3.9  0.000255349
24  4.1  0.000152195
24  4.3  9.13486e-05
24  4.5  5.52109e-05
24  4.7  3.35898e-05
24  4.9  2.05449e-05
24  5.1  1.26448e-05
24  5.3  7.82288e-06
24  5.5  4.86397e-06
24  5.7  3.03989e-06
24  5.9  1.90935e-06
24  6.1  1.20433e-06
24  6.3  7.62939e-07
24  6.5  4.85501e-07
24  6.7  3.09999e-07
24  6.9  1.98714e-07
24  7.1  1.27817e-07
24  7.3  8.25214e-08
24  7.5  5.34608e-08
24  7.7  3.4731e-08
24  7.9  2.26386e-08
24  8.1  1.47996e-08
24  8.3  9.70306e-09
24  8.5  6.37833e-09
24  8.7  4.20486e-09
24  8.9  2.77871e-09
24  9.1  1.84011e-09
24  9.3  1.22203e-09
24  9.5  8.13533e-10
24  9.7  5.42162e-10
24  9.9  3.62406e-10
24  10.1  2.42844e-10
24  10.3  1.62979e-10
24  10.5  1.09555e-10
24  10.7  7.37896e-11
24  10.9  4.97935e-11
24  11.1  3.36673e-11
24  11.3  2.28004e-11
24  11.5  1.54686e-11
24  11.7  1.05105e-11
24  11.9  7.15136e-12
26  0.1  16.9608
26  0.3  9.22159
26  0.5  5.10604
26  0.7  2.77324
26  0.9  1.48783
26  1.1  0.793716
26  1.3  0.423491
26  1.5  0.226618
26  1.7  0.121977
26  1.9  0.0661464
26  2.1  0.0361554
26  2.3  0.0199399
26  2.5  0.0111072
26  2.7  0.00624115
26  2.9  0.00353677
26  3.1  0.00202456
26  3.3  0.00116799
26  3.5  0.000679637
26  3.7  0.000398703
26  3.9  0.000235792
26  4.1  0.000140421
26  4.3  8.42463e-05
26  4.5  5.08255e-05
26  4.7  3.08897e-05
26  4.9  1.8895e-05
26  5.1  1.16146e-05
26  5.3  7.18038e-06
26  5.5  4.46164e-06
26  5.7  2.7873e-06
26  5.9  1.74919e-06
26  6.1  1.10293e-06
26  6.3  6.98341e-07
26  6.5  4.44024e-07
26  6.7  2.83394e-07
26  6.9  1.81572e-07
26  7.1  1.16738e-07
26  7.3  7.53603e-08
26  7.5  4.87771e-08
26  7.7  3.16807e-08
26  7.9  2.06441e-08
26  8.1  1.34916e-08
26  8.3  8.83923e-09
26  8.5  5.8095e-09
26  8.7  3.82894e-09
26  8.9  2.52922e-09
26  9.1  1.67436e-09
26  9.3  1.11173e-09
26  9.5  7.39951e-10
26  9.7  4.93094e-10
26  9.9  3.29432e-10
26  10.1  2.20686e-10
26  10.3  1.48091e-10
26  10.5  9.95219e-11
26  10.7  6.70115e-11
26  10.9  4.52134e-11
26  11.1  3.05506e-11
26  11.3  2.06849e-11
26  11.5  1.40356e-11
26  11.7  9.52822e-12
26  11.9  6.48581e-12
28  0.1  15.883
28  0.3  8.62935
28  0.5  4.7729
28  0.7  2.58718
28  0.9  1.38484
28  1.1  0.73684
28  1.3  0.391916
28  1.5  0.209032
28  1.7  0.112144
28  1.9  0.0606141
28  2.1  0.0330302
28  2.3  0.0181649
28  2.5  0.0100907
28  2.7  0.0056551
28  2.9  0.00319727
28  3.1  0.00182647
28  3.3  0.00105178
28  3.5  0.000610576
28  3.7  0.000357756
28  3.9  0.000211264
28  4.1  0.000125623
28  4.3  7.52516e-05
28  4.5  4.53509e-05
28  4.7  2.7529e-05
28  4.9  1.68179e-05
28  5.1  1.03293e-05
28  5.3  6.3794e-06
28  5.5  3.96064e-06
28  5.7  2.4722e-06
28  5.9  1.55004e-06
28  6.1  9.7677e-07
28  6.3  6.17885e-07
28  6.5  3.92578e-07
28  6.7  2.50448e-07
28  6.9  1.60369e-07
28  7.1  1.03056e-07
28  7.3  6.64761e-08
28  7.5  4.30104e-08
28  7.7  2.792e-08
28  7.9  1.81781e-08
28  8.1  1.18814e-08
28  8.3  7.78218e-09
28  8.5  5.10919e-09
28  8.7  3.36466e-09
28  8.9  2.22363e-09
28  9.1  1.47136e-09
28  9.3  9.76274e-10
28  9.5  6.49554e-10
28  9.7  4.32551e-10
28  9.9  2.8901e-10
28  10.1  1.93467e-10
28  10.3  1.29792e-10
28  10.5  8.7192e-11
28  10.7  5.86786e-11
28  10.9  3.9592e-11
28  11.1  2.67402e-11
28  11.3  1.81103e-11
28  11.5  1.22803e-11
28  11.7  8.33942e-12
28  11.9  5.67062e-12
30  0.1  14.4576
30  0.3  7.84699
30  0.5  4.33233
30  0.7  2.34264
30  0.9  1.24972
30  1.1  0.662526
30  1.3  0.35087
30  1.5  0.186305
30  1.7  0.0994972
30  1.9  0.053544
30  2.1  0.0290553
30  2.3  0.0159164
30  2.5  0.00880907
30  2.7  0.00492067
30  2.9  0.00277334
30  3.1  0.00157992
30  3.3  0.000907483
30  3.5  0.000525521
30  3.7  0.000307153
30  3.9  0.000180988
30  4.1  0.000107441
30  4.3  6.42156e-05
30  4.5  3.86594e-05
30  4.7  2.34261e-05
30  4.9  1.42927e-05
30  5.1  8.76773e-06
30  5.3  5.40724e-06
30  5.5  3.35399e-06
30  5.7  2.09059e-06
30  5.9  1.30942e-06
30  6.1  8.24195e-07
30  6.3  5.211e-07
30  6.5  3.30728e-07
30  6.7  2.10776e-07
30  6.9  1.34836e-07
30  7.1  8.65821e-08
30  7.3  5.58276e-08
30  7.5  3.60568e-08
30  7.7  2.34029e-08
30  7.9  1.52305e-08
30  8.1  9.94559e-09
30  8.3  6.50789e-09
30  8.5  4.27305e-09
30  8.7  2.81171e-09
30  8.9  1.85531e-09
30  9.1  1.22763e-09
30  9.3  8.14747e-10
30  9.5  5.41429e-10
30  9.7  3.60846e-10
30  9.9  2.40929e-10
30  10.1  1.61116e-10
30  10.3  1.08009e-10
30  10.5  7.25528e-11
30  10.7  4.88231e-11
30  10.9  3.2935e-11
30  11.1  2.22414e-11
30  11.3  1.50659e-11
30  11.5  1.0208e-11
30  11.7  6.93742e-12
30  11.9  4.71884e-12
32  0.1  12.6495
32  0.3  6.85434
32  0.5  3.77571
32  0.7  2.03524
32  0.9  1.08081
32  1.1  0.569895
32  1.3  0.300035
32  1.5  0.158343
32  1.7  0.0840634
32  1.9  0.0449761
32  2.1  0.0242719
32  2.3  0.0132322
32  2.5  0.00728808
32  2.7  0.00405346
32  2.9  0.00227615
32  3.1  0.00129109
32  3.3  0.00073964
32  3.5  0.000427262
32  3.7  0.000248987
32  3.9  0.000146384
32  4.1  8.67381e-05
32  4.3  5.17495e-05
32  4.5  3.11052e-05
32  4.7  1.8831e-05
32  4.9  1.1467e-05
32  5.1  7.02839e-06
32  5.3  4.33426e-06
32  5.5  2.68662e-06
32  5.7  1.67354e-06
32  5.9  1.04833e-06
32  6.1  6.59527e-07
32  6.3  4.17042e-07
32  6.5  2.64873e-07
32  6.7  1.68888e-07
32  6.9  1.08068e-07
32  7.1  6.95153e-08
32  7.3  4.48983e-08
32  7.5  2.90903e-08
32  7.7  1.89176e-08
32  7.9  1.23422e-08
32  8.1  8.07994e-09
32  8.3  5.30334e-09
32  8.5  3.49324e-09
32  8.7  2.30632e-09
32  8.9  1.51349e-09
32  9.1  9.93972e-10
32  9.3  6.54145e-10
32  9.5  4.319e-10
32  9.7  2.85715e-10
32  9.9  1.89463e-10
32  10.1  1.26034e-10
32  10.3  8.40642e-11
32  10.5  5.63435e-11
32  10.7  3.78899e-11
32  10.9  2.55181e-11
32  11.1  1.72402e-11
32  11.3  1.16584e-11
32  11.5  7.89868e-12
32  11.7  5.35606e-12
32  11.9  3.64287e-12
