# fragmentation : LHAPDF (data/prompt-D0-1-109/prompt-D0-1-109_0000.dat, member 0, Q=1.5)
# channel       : An0n
#   dipole file dir       : data/Pb/mve/glauber_mve_<b>
#   pD0 loop             : 0.1 to 12.0 GeV, step 0.2
#   fixed rapidity y      : 3.5
# ============================================================
# b  pD0  dsigma_dy
0  0.1  42.5989
0  0.3  30.1118
0  0.5  19.6902
0  0.7  12.1107
0  0.9  7.23534
0  1.1  4.27505
0  1.3  2.52694
0  1.5  1.49919
0  1.7  0.895866
0  1.9  0.540296
0  2.1  0.328646
0  2.3  0.202142
0  2.5  0.125499
0  2.7  0.0786731
0  2.9  0.0497785
0  3.1  0.0317783
0  3.3  0.0204705
0  3.5  0.0133031
0  3.7  0.00870725
0  3.9  0.00574588
0  4.1  0.00381894
0  4.3  0.00255736
0  4.5  0.00172404
0  4.7  0.00116866
0  4.9  0.000797229
0  5.1  0.0005472
0  5.3  0.000377462
0  5.5  0.00026174
0  5.7  0.00018238
0  5.9  0.000127676
0  6.1  8.97786e-05
0  6.3  6.3397e-05
0  6.5  4.49203e-05
0  6.7  3.19727e-05
0  6.9  2.28627e-05
0  7.1  1.63831e-05
0  7.3  1.17873e-05
0  7.5  8.51197e-06
0  7.7  6.16302e-06
0  7.9  4.47534e-06
0  8.1  3.25806e-06
0  8.3  2.38094e-06
0  8.5  1.74399e-06
0  8.7  1.28024e-06
0  8.9  9.42487e-07
0  9.1  6.95259e-07
0  9.3  5.1419e-07
0  9.5  3.81081e-07
0  9.7  2.8296e-07
0  9.9  2.10648e-07
0  10.1  1.57118e-07
0  10.3  1.17412e-07
0  10.5  8.7904e-08
0  10.7  6.59337e-08
0  10.9  4.95413e-08
0  11.1  3.72788e-08
0  11.3  2.81177e-08
0  11.5  2.12235e-08
0  11.7  1.60537e-08
0  11.9  1.21597e-08
2  0.1  42.5701
2  0.3  30.0913
2  0.5  19.6767
2  0.7  12.1021
2  0.9  7.2302
2  1.1  4.27178
2  1.3  2.52492
2  1.5  1.49793
2  1.7  0.895076
2  1.9  0.5398
2  2.1  0.328332
2  2.3  0.201942
2  2.5  0.12537
2  2.7  0.0785899
2  2.9  0.0497246
2  3.1  0.031743
2  3.3  0.0204474
2  3.5  0.0132878
2  3.7  0.00869703
2  3.9  0.00573902
2  4.1  0.00381431
2  4.3  0.00255423
2  4.5  0.0017219
2  4.7  0.0011672
2  4.9  0.000796226
2  5.1  0.000546504
2  5.3  0.000376972
2  5.5  0.000261397
2  5.7  0.000182139
2  5.9  0.000127506
2  6.1  8.96585e-05
2  6.3  6.33116e-05
2  6.5  4.48595e-05
2  6.7  3.19293e-05
2  6.9  2.28314e-05
2  7.1  1.63606e-05
2  7.3  1.17709e-05
2  7.5  8.50013e-06
2  7.7  6.1544e-06
2  7.9  4.46906e-06
2  8.1  3.25346e-06
2  8.3  2.37757e-06
2  8.5  1.74151e-06
2  8.7  1.27839e-06
2  8.9  9.41134e-07
2  9.1  6.94251e-07
2  9.3  5.13445e-07
2  9.5  3.80529e-07
2  9.7  2.82543e-07
2  9.9  2.10334e-07
2  10.1  1.56883e-07
2  10.3  1.17236e-07
2  10.5  8.77715e-08
2  10.7  6.5834e-08
2  10.9  4.94663e-08
2  11.1  3.72235e-08
2  11.3  2.80738e-08
2  11.5  2.11911e-08
2  11.7  1.60292e-08
2  11.9  1.2141e-08
4  0.1  42.4832
4  0.3  30.0297
4  0.5  19.6359
4  0.7  12.0763
4  0.9  7.2141
4  1.1  4.26183
4  1.3  2.51883
4  1.5  1.49411
4  1.7  0.892687
4  1.9  0.538305
4  2.1  0.327387
4  2.3  0.201337
4  2.5  0.124984
4  2.7  0.0783404
4  2.9  0.0495621
4  3.1  0.0316361
4  3.3  0.0203769
4  3.5  0.0132409
4  3.7  0.00866593
4  3.9  0.00571805
4  4.1  0.00380334
4  4.3  0.00254462
4  4.5  0.00171529
4  4.7  0.00116267
4  4.9  0.000793559
4  5.1  0.000544389
4  5.3  0.00037534
4  5.5  0.000260369
4  5.7  0.000181413
4  5.9  0.00012699
4  6.1  8.92976e-05
4  6.3  6.30531e-05
4  6.5  4.46755e-05
4  6.7  3.17986e-05
4  6.9  2.27347e-05
4  7.1  1.63024e-05
4  7.3  1.17277e-05
4  7.5  8.46448e-06
4  7.7  6.12879e-06
4  7.9  4.45067e-06
4  8.1  3.24037e-06
4  8.3  2.36777e-06
4  8.5  1.73411e-06
4  8.7  1.27302e-06
4  8.9  9.37121e-07
4  9.1  6.9113e-07
4  9.3  5.11048e-07
4  9.5  3.78849e-07
4  9.7  2.81358e-07
4  9.9  2.09453e-07
4  10.1  1.56183e-07
4  10.3  1.1672e-07
4  10.5  8.73934e-08
4  10.7  6.55481e-08
4  10.9  4.92689e-08
4  11.1  3.70683e-08
4  11.3  2.79446e-08
4  11.5  2.11074e-08
4  11.7  1.5959e-08
4  11.9  1.20854e-08
6  0.1  42.3363
6  0.3  29.9254
6  0.5  19.5668
6  0.7  12.0327
6  0.9  7.18705
6  1.1  4.24519
6  1.3  2.50852
6  1.5  1.48768
6  1.7  0.888661
6  1.9  0.535772
6  2.1  0.32579
6  2.3  0.200315
6  2.5  0.124333
6  2.7  0.0779171
6  2.9  0.0492877
6  3.1  0.0314568
6  3.3  0.020259
6  3.5  0.0131632
6  3.7  0.00861406
6  3.9  0.00568335
6  4.1  0.00377676
6  4.3  0.00252874
6  4.5  0.0017045
6  4.7  0.00115528
6  4.9  0.000788012
6  5.1  0.000540837
6  5.3  0.000372874
6  5.5  0.000258644
6  5.7  0.000180205
6  5.9  0.000126143
6  6.1  8.86956e-05
6  6.3  6.26272e-05
6  6.5  4.43708e-05
6  6.7  3.15836e-05
6  6.9  2.25795e-05
6  7.1  1.61791e-05
6  7.3  1.16395e-05
6  7.5  8.40458e-06
6  7.7  6.08511e-06
6  7.9  4.41845e-06
6  8.1  3.21626e-06
6  8.3  2.35035e-06
6  8.5  1.7215e-06
6  8.7  1.26371e-06
6  8.9  9.3024e-07
6  9.1  6.86215e-07
6  9.3  5.07468e-07
6  9.5  3.76095e-07
6  9.7  2.79265e-07
6  9.9  2.07914e-07
6  10.1  1.55036e-07
6  10.3  1.15853e-07
6  10.5  8.67335e-08
6  10.7  6.50532e-08
6  10.9  4.88789e-08
6  11.1  3.67816e-08
6  11.3  2.77258e-08
6  11.5  2.09359e-08
6  11.7  1.58362e-08
6  11.9  1.19956e-08
8  0.1  42.1246
8  0.3  29.7747
8  0.5  19.4675
8  0.7  11.9702
8  0.9  7.14824
8  1.1  4.22132
8  1.3  2.49375
8  1.5  1.47846
8  1.7  0.882894
8  1.9  0.532146
8  2.1  0.323503
8  2.3  0.198852
8  2.5  0.1234
8  2.7  0.0773134
8  2.9  0.0488955
8  3.1  0.0312003
8  3.3  0.0200965
8  3.5  0.0130515
8  3.7  0.00854519
8  3.9  0.00563351
8  4.1  0.00374629
8  4.3  0.00250594
8  4.5  0.00168895
8  4.7  0.00114463
8  4.9  0.000780674
8  5.1  0.000535741
8  5.3  0.000369328
8  5.5  0.000256165
8  5.7  0.000178464
8  5.9  0.000124916
8  6.1  8.78211e-05
8  6.3  6.20056e-05
8  6.5  4.39292e-05
8  6.7  3.12933e-05
8  6.9  2.23536e-05
8  7.1  1.60164e-05
8  7.3  1.15218e-05
8  7.5  8.31911e-06
8  7.7  6.02292e-06
8  7.9  4.37315e-06
8  8.1  3.18316e-06
8  8.3  2.32606e-06
8  8.5  1.70361e-06
8  8.7  1.25056e-06
8  8.9  9.20531e-07
8  9.1  6.79029e-07
8  9.3  5.02143e-07
8  9.5  3.72141e-07
8  9.7  2.76308e-07
8  9.9  2.05666e-07
8  10.1  1.53394e-07
8  10.3  1.14622e-07
8  10.5  8.581e-08
8  10.7  6.43597e-08
8  10.9  4.83562e-08
8  11.1  3.63862e-08
8  11.3  2.74415e-08
8  11.5  2.0712e-08
8  11.7  1.56671e-08
8  11.9  1.18619e-08
10  0.1  41.8452
10  0.3  29.5752
10  0.5  19.3354
10  0.7  11.8871
10  0.9  7.09662
10  1.1  4.18967
10  1.3  2.47418
10  1.5  1.46593
10  1.7  0.875245
10  1.9  0.527351
10  2.1  0.320468
10  2.3  0.196925
10  2.5  0.122164
10  2.7  0.0765153
10  2.9  0.048377
10  3.1  0.0308617
10  3.3  0.0198733
10  3.5  0.0129037
10  3.7  0.00844481
10  3.9  0.00556753
10  4.1  0.00370171
10  4.3  0.0024758
10  4.5  0.00166784
10  4.7  0.00113048
10  4.9  0.00077136
10  5.1  0.000529013
10  5.3  0.000364638
10  5.5  0.000252891
10  5.7  0.000176161
10  5.9  0.000123288
10  6.1  8.6679e-05
10  6.3  6.11912e-05
10  6.5  4.33509e-05
10  6.7  3.08742e-05
10  6.9  2.20518e-05
10  7.1  1.58106e-05
10  7.3  1.13722e-05
10  7.5  8.20676e-06
10  7.7  5.9415e-06
10  7.9  4.31402e-06
10  8.1  3.14049e-06
10  8.3  2.29358e-06
10  8.5  1.68026e-06
10  8.7  1.23336e-06
10  8.9  9.07843e-07
10  9.1  6.69457e-07
10  9.3  4.94972e-07
10  9.5  3.66885e-07
10  9.7  2.7247e-07
10  9.9  2.02803e-07
10  10.1  1.51215e-07
10  10.3  1.12996e-07
10  10.5  8.45985e-08
10  10.7  6.34472e-08
10  10.9  4.76688e-08
10  11.1  3.58869e-08
10  11.3  2.70509e-08
10  11.5  2.04257e-08
10  11.7  1.54464e-08
10  11.9  1.16964e-08
12  0.1  41.4884
12  0.3  29.3206
12  0.5  19.1669
12  0.7  11.7815
12  0.9  7.03091
12  1.1  4.14934
12  1.3  2.44921
12  1.5  1.45041
12  1.7  0.86553
12  1.9  0.521253
12  2.1  0.31662
12  2.3  0.194473
12  2.5  0.120601
12  2.7  0.0755025
12  2.9  0.0477203
12  3.1  0.0304339
12  3.3  0.0195919
12  3.5  0.0127176
12  3.7  0.00832084
12  3.9  0.00548476
12  4.1  0.0036458
12  4.3  0.00243786
12  4.5  0.00164246
12  4.7  0.00111278
12  4.9  0.000758707
12  5.1  0.000520547
12  5.3  0.000358753
12  5.5  0.000248777
12  5.7  0.000173273
12  5.9  0.000121257
12  6.1  8.52384e-05
12  6.3  6.01706e-05
12  6.5  4.26257e-05
12  6.7  3.03541e-05
12  6.9  2.168e-05
12  7.1  1.55321e-05
12  7.3  1.11715e-05
12  7.5  8.06535e-06
12  7.7  5.83836e-06
12  7.9  4.23855e-06
12  8.1  3.08477e-06
12  8.3  2.25394e-06
12  8.5  1.65062e-06
12  8.7  1.21152e-06
12  8.9  8.91703e-07
12  9.1  6.57503e-07
12  9.3  4.86306e-07
12  9.5  3.6038e-07
12  9.7  2.67551e-07
12  9.9  1.99122e-07
12  10.1  1.48498e-07
12  10.3  1.10956e-07
12  10.5  8.30588e-08
12  10.7  6.22912e-08
12  10.9  4.68077e-08
12  11.1  3.52104e-08
12  11.3  2.65429e-08
12  11.5  2.00389e-08
12  11.7  1.51581e-08
12  11.9  1.14755e-08
14  0.1  41.0428
14  0.3  29.0023
14  0.5  18.9565
14  0.7  11.6496
14  0.9  6.94778
14  1.1  4.09904
14  1.3  2.41811
14  1.5  1.43106
14  1.7  0.853459
14  1.9  0.513692
14  2.1  0.311847
14  2.3  0.191432
14  2.5  0.118657
14  2.7  0.0742502
14  2.9  0.0469074
14  3.1  0.0299032
14  3.3  0.0192434
14  3.5  0.0124869
14  3.7  0.00816719
14  3.9  0.00538194
14  4.1  0.00357667
14  4.3  0.00239108
14  4.5  0.00161013
14  4.7  0.00109145
14  4.9  0.000743688
14  5.1  0.00051011
14  5.3  0.000351518
14  5.5  0.000243726
14  5.7  0.000169721
14  5.9  0.000118748
14  6.1  8.34665e-05
14  6.3  5.89122e-05
14  6.5  4.17261e-05
14  6.7  2.97116e-05
14  6.9  2.1218e-05
14  7.1  1.51988e-05
14  7.3  1.09311e-05
14  7.5  7.89133e-06
14  7.7  5.71184e-06
14  7.9  4.1463e-06
14  8.1  3.01727e-06
14  8.3  2.20443e-06
14  8.5  1.61424e-06
14  8.7  1.18473e-06
14  8.9  8.71929e-07
14  9.1  6.42866e-07
14  9.3  4.75449e-07
14  9.5  3.52308e-07
14  9.7  2.61536e-07
14  9.9  1.94639e-07
14  10.1  1.45146e-07
14  10.3  1.08447e-07
14  10.5  8.1175e-08
14  10.7  6.08757e-08
14  10.9  4.57406e-08
14  11.1  3.44062e-08
14  11.3  2.59356e-08
14  11.5  1.95791e-08
14  11.7  1.48101e-08
14  11.9  1.12113e-08
16  0.1  40.4928
16  0.3  28.6095
16  0.5  18.6973
16  0.7  11.487
16  0.9  6.84682
16  1.1  4.03695
16  1.3  2.37974
16  1.5  1.40726
16  1.7  0.838582
16  1.9  0.504411
16  2.1  0.306003
16  2.3  0.187707
16  2.5  0.116277
16  2.7  0.0727161
16  2.9  0.0459134
16  3.1  0.0292559
16  3.3  0.0188181
16  3.5  0.0122051
16  3.7  0.00798002
16  3.9  0.00525658
16  4.1  0.00349229
16  4.3  0.00233398
16  4.5  0.00157118
16  4.7  0.0010647
16  4.9  0.000725716
16  5.1  0.000497423
16  5.3  0.000342676
16  5.5  0.000237545
16  5.7  0.000165402
16  5.9  0.000115707
16  6.1  8.13102e-05
16  6.3  5.73831e-05
16  6.5  4.06637e-05
16  6.7  2.89315e-05
16  6.9  2.06583e-05
16  7.1  1.4796e-05
16  7.3  1.06401e-05
16  7.5  7.68056e-06
16  7.7  5.55853e-06
16  7.9  4.0346e-06
16  8.1  2.93559e-06
16  8.3  2.14457e-06
16  8.5  1.57025e-06
16  8.7  1.15234e-06
16  8.9  8.48006e-07
16  9.1  6.25166e-07
16  9.3  4.62319e-07
16  9.5  3.42553e-07
16  9.7  2.54317e-07
16  9.9  1.89218e-07
16  10.1  1.41093e-07
16  10.3  1.05411e-07
16  10.5  7.8898e-08
16  10.7  5.9163e-08
16  10.9  4.44484e-08
16  11.1  3.34346e-08
16  11.3  2.52013e-08
16  11.5  1.9024e-08
16  11.7  1.43832e-08
16  11.9  1.08922e-08
18  0.1  39.8153
18  0.3  28.1247
18  0.5  18.3779
18  0.7  11.2864
18  0.9  6.72235
18  1.1  3.96052
18  1.3  2.33264
18  1.5  1.37807
18  1.7  0.820829
18  1.9  0.493061
18  2.1  0.298858
18  2.3  0.183162
18  2.5  0.113381
18  2.7  0.0708513
18  2.9  0.044705
18  3.1  0.0284686
18  3.3  0.0183013
18  3.5  0.0118644
18  3.7  0.00775373
18  3.9  0.00510534
18  4.1  0.00339004
18  4.3  0.00226492
18  4.5  0.00152422
18  4.7  0.00103234
18  4.9  0.000703537
18  5.1  0.000482086
18  5.3  0.00033202
18  5.5  0.000230108
18  5.7  0.000160175
18  5.9  0.000112025
18  6.1  7.87138e-05
18  6.3  5.55054e-05
18  6.5  3.93474e-05
18  6.7  2.79905e-05
18  6.9  1.99826e-05
18  7.1  1.431e-05
18  7.3  1.02889e-05
18  7.5  7.42625e-06
18  7.7  5.37374e-06
18  7.9  3.8999e-06
18  8.1  2.83708e-06
18  8.3  2.07237e-06
18  8.5  1.51719e-06
18  8.7  1.1133e-06
18  8.9  8.19169e-07
18  9.1  6.03826e-07
18  9.3  4.46494e-07
18  9.5  3.30795e-07
18  9.7  2.45563e-07
18  9.9  1.82685e-07
18  10.1  1.36209e-07
18  10.3  1.01753e-07
18  10.5  7.61527e-08
18  10.7  5.71004e-08
18  10.9  4.28922e-08
18  11.1  3.22636e-08
18  11.3  2.43158e-08
18  11.5  1.8355e-08
18  11.7  1.38762e-08
18  11.9  1.05117e-08
20  0.1  38.9753
20  0.3  27.5262
20  0.5  17.9817
20  0.7  11.0375
20  0.9  6.56835
20  1.1  3.86597
20  1.3  2.2746
20  1.5  1.34259
20  1.7  0.798468
20  1.9  0.479108
20  2.1  0.290084
20  2.3  0.177597
20  2.5  0.109831
20  2.7  0.068571
20  2.9  0.0432224
20  3.1  0.0275091
20  3.3  0.0176722
20  3.5  0.0114495
20  3.7  0.00747802
20  3.9  0.00492126
20  4.1  0.00326614
20  4.3  0.00218105
20  4.5  0.00146707
20  4.7  0.000993464
20  4.9  0.000676316
20  5.1  0.000463514
20  5.3  0.000319119
20  5.5  0.000221103
20  5.7  0.000153851
20  5.9  0.000107575
20  6.1  7.55766e-05
20  6.3  5.32757e-05
20  6.5  3.77262e-05
20  6.7  2.68534e-05
20  6.9  1.91665e-05
20  7.1  1.37229e-05
20  7.3  9.86486e-06
20  7.5  7.11399e-06
20  7.7  5.15059e-06
20  7.9  3.73733e-06
20  8.1  2.71823e-06
20  8.3  1.98527e-06
20  8.5  1.45319e-06
20  8.7  1.06622e-06
20  8.9  7.84412e-07
20  9.1  5.78127e-07
20  9.3  4.27425e-07
20  9.5  3.16629e-07
20  9.7  2.35019e-07
20  9.9  1.74818e-07
20  10.1  1.30329e-07
20  10.3  9.73486e-08
20  10.5  7.28476e-08
20  10.7  5.46164e-08
20  10.9  4.1013e-08
20  11.1  3.08534e-08
20  11.3  2.325e-08
20  11.5  1.75495e-08
20  11.7  1.32661e-08
20  11.9  1.00447e-08
22  0.1  37.9203
22  0.3  26.7757
22  0.5  17.4845
22  0.7  10.725
22  0.9  6.37551
22  1.1  3.74978
22  1.3  2.20188
22  1.5  1.29776
22  1.7  0.770699
22  1.9  0.46177
22  2.1  0.279204
22  2.3  0.170718
22  2.5  0.105441
22  2.7  0.0657563
22  2.9  0.0414204
22  3.1  0.0263289
22  3.3  0.0168992
22  3.5  0.0109415
22  3.7  0.00713887
22  3.9  0.00469927
22  4.1  0.00311434
22  4.3  0.00207852
22  4.5  0.00139731
22  4.7  0.000945808
22  4.9  0.000643543
22  5.1  0.000440856
22  5.3  0.000303388
22  5.5  0.000210128
22  5.7  0.000146159
22  5.9  0.000102115
22  6.1  7.16985e-05
22  6.3  5.056e-05
22  6.5  3.5795e-05
22  6.7  2.54547e-05
22  6.9  1.81628e-05
22  7.1  1.30093e-05
22  7.3  9.34955e-06
22  7.5  6.74099e-06
22  7.7  4.87956e-06
22  7.9  3.5399e-06
22  8.1  2.57407e-06
22  8.3  1.87957e-06
22  8.5  1.37552e-06
22  8.7  1.00912e-06
22  8.9  7.4225e-07
22  9.1  5.46959e-07
22  9.3  4.04307e-07
22  9.5  2.99326e-07
22  9.7  2.22221e-07
22  9.9  1.65272e-07
22  10.1  1.23202e-07
22  10.3  9.20159e-08
22  10.5  6.88471e-08
22  10.7  5.16055e-08
22  10.9  3.87649e-08
22  11.1  2.91478e-08
22  11.3  2.19617e-08
22  11.5  1.65743e-08
22  11.7  1.25276e-08
22  11.9  9.48482e-09
24  0.1  36.5719
24  0.3  25.8175
24  0.5  16.8494
24  0.7  10.3252
24  0.9  6.13001
24  1.1  3.59926
24  1.3  2.10923
24  1.5  1.24093
24  1.7  0.735545
24  1.9  0.439614
24  2.1  0.265512
24  2.3  0.16208
24  2.5  0.0999514
24  2.7  0.0622406
24  2.9  0.0391583
24  3.1  0.0248598
24  3.3  0.0159385
24  3.5  0.0103092
24  3.7  0.00672273
24  3.9  0.00441963
24  4.1  0.00292656
24  4.3  0.00195185
24  4.5  0.00131121
24  4.7  0.00088701
24  4.9  0.000603157
24  5.1  0.000412947
24  5.3  0.00028403
24  5.5  0.000196624
24  5.7  0.000136641
24  5.9  9.54627e-05
24  6.1  6.70028e-05
24  6.3  4.7234e-05
24  6.5  3.34528e-05
24  6.7  2.37604e-05
24  6.9  1.69584e-05
24  7.1  1.21351e-05
24  7.3  8.72213e-06
24  7.5  6.28419e-06
24  7.7  4.54749e-06
24  7.9  3.29785e-06
24  8.1  2.39762e-06
24  8.3  1.75022e-06
24  8.5  1.28057e-06
24  8.7  9.39264e-07
24  8.9  6.90687e-07
24  9.1  5.09119e-07
24  9.3  3.75925e-07
24  9.5  2.78379e-07
24  9.7  2.06646e-07
24  9.9  1.53648e-07
24  10.1  1.14506e-07
24  10.3  8.55049e-08
24  10.5  6.39648e-08
24  10.7  4.79376e-08
24  10.9  3.60053e-08
24  11.1  2.70693e-08
24  11.3  2.03921e-08
24  11.5  1.53854e-08
24  11.7  1.16278e-08
24  11.9  8.80497e-09
26  0.1  34.811
26  0.3  24.5654
26  0.5  16.0221
26  0.7  9.80396
26  0.9  5.81096
26  1.1  3.40406
26  1.3  1.98951
26  1.5  1.16764
26  1.7  0.690164
26  1.9  0.411624
26  2.1  0.248045
26  2.3  0.151087
26  2.5  0.0929769
26  2.7  0.0577891
26  2.9  0.0362989
26  3.1  0.0230074
26  3.3  0.0147295
26  3.5  0.00951475
26  3.7  0.00619733
26  3.9  0.00406935
26  4.1  0.00269196
26  4.3  0.00179362
26  4.5  0.00120381
26  4.7  0.000813392
26  4.9  0.00055287
26  5.1  0.000378121
26  5.3  0.000259969
26  5.5  0.000179852
26  5.7  0.000124907
26  5.9  8.7218e-05
26  6.1  6.11838e-05
26  6.3  4.31246e-05
26  6.5  3.05151e-05
26  6.7  2.16567e-05
26  6.9  1.54558e-05
26  7.1  1.10551e-05
26  7.3  7.94166e-06
26  7.5  5.72007e-06
26  7.7  4.13761e-06
26  7.9  2.99966e-06
26  8.1  2.18193e-06
26  8.3  1.59071e-06
26  8.5  1.16354e-06
26  8.7  8.53172e-07
26  8.9  6.27166e-07
26  9.1  4.62177e-07
26  9.3  3.41307e-07
26  9.5  2.52563e-07
26  9.7  1.87422e-07
26  9.9  1.39324e-07
26  10.1  1.03804e-07
26  10.3  7.74973e-08
26  10.5  5.79619e-08
26  10.7  4.34309e-08
26  10.9  3.26021e-08
26  11.1  2.45133e-08
26  11.3  1.84624e-08
26  11.5  1.39281e-08
26  11.7  1.05221e-08
26  11.9  7.96318e-09
28  0.1  32.4791
28  0.3  22.9123
28  0.5  14.9286
28  0.7  9.11676
28  0.9  5.39098
28  1.1  3.14775
28  1.3  1.83342
28  1.5  1.07189
28  1.7  0.631767
28  1.9  0.3755
28  2.1  0.225598
28  2.3  0.137007
28  2.5  0.0840796
28  2.7  0.0521393
28  2.9  0.0326704
28  3.1  0.0206659
28  3.3  0.0132058
28  3.5  0.00851554
28  3.7  0.00553733
28  3.9  0.0036304
28  4.1  0.00239841
28  4.3  0.00159594
28  4.5  0.00106986
28  4.7  0.000722045
28  4.9  0.000490305
28  5.1  0.000334976
28  5.3  0.000230104
28  5.5  0.000159044
28  5.7  0.000110375
28  5.9  7.70036e-05
28  6.1  5.39783e-05
28  6.3  3.80039e-05
28  6.5  2.68854e-05
28  6.7  1.90684e-05
28  6.9  1.36027e-05
28  7.1  9.72343e-06
28  7.3  6.97812e-06
28  7.5  5.02524e-06
28  7.7  3.63281e-06
28  7.9  2.6327e-06
28  8.1  1.9126e-06
28  8.3  1.39519e-06
28  8.5  1.01978e-06
28  8.7  7.47449e-07
28  8.9  5.49245e-07
28  9.1  4.04587e-07
28  9.3  2.98692e-07
28  9.5  2.20899e-07
28  9.7  1.63886e-07
28  9.9  1.21802e-07
28  10.1  9.07121e-08
28  10.3  6.76968e-08
28  10.5  5.06158e-08
28  10.7  3.79236e-08
28  10.9  2.84635e-08
28  11.1  2.1384e-08
28  11.3  1.61047e-08
28  11.5  1.21447e-08
28  11.7  9.17768e-09
28  11.9  6.94317e-09
30  0.1  29.4073
30  0.3  20.7378
30  0.5  13.4909
30  0.7  8.2178
30  0.9  4.84168
30  1.1  2.8143
30  1.3  1.63169
30  1.5  0.949856
30  1.7  0.556833
30  1.9  0.329663
30  2.1  0.197218
30  2.3  0.119297
30  2.5  0.0729564
30  2.7  0.0450928
30  2.9  0.0281723
30  3.1  0.0177686
30  3.3  0.0113265
30  3.5  0.00728649
30  3.7  0.00472826
30  3.9  0.00309376
30  4.1  0.00204015
30  4.3  0.00135507
30  4.5  0.000907465
30  4.7  0.000611396
30  4.9  0.000414565
30  5.1  0.000282756
30  5.3  0.000194018
30  5.5  0.000133898
30  5.7  9.28608e-05
30  5.9  6.47743e-05
30  6.1  4.53304e-05
30  6.3  3.19151e-05
30  6.5  2.25504e-05
30  6.7  1.59799e-05
30  6.9  1.1391e-05
30  7.1  8.14182e-06
30  7.3  5.84386e-06
30  7.5  4.20654e-06
30  7.7  3.03599e-06
30  7.9  2.20118e-06
30  8.1  1.59965e-06
30  8.3  1.16708e-06
30  8.5  8.53166e-07
30  8.7  6.26024e-07
30  8.9  4.603e-07
30  9.1  3.39145e-07
30  9.3  2.50577e-07
30  9.5  1.85756e-07
30  9.7  1.37717e-07
30  9.9  1.02172e-07
30  10.1  7.59526e-08
30  10.3  5.66346e-08
30  10.5  4.23282e-08
30  10.7  3.16693e-08
30  10.9  2.37409e-08
30  11.1  1.78548e-08
30  11.3  1.34385e-08
30  11.5  1.01496e-08
30  11.7  7.68123e-09
30  11.9  5.82276e-09
32  0.1  25.5557
32  0.3  18.0015
32  0.5  11.6888
32  0.7  7.09435
32  0.9  4.15884
32  1.1  2.403
32  1.3  1.38435
32  1.5  0.800902
32  1.7  0.466874
32  1.9  0.274842
32  2.1  0.163619
32  2.3  0.0984663
32  2.5  0.0599816
32  2.7  0.0369447
32  2.9  0.0229879
32  3.1  0.0144724
32  3.3  0.00920024
32  3.5  0.00590407
32  3.7  0.00382705
32  3.9  0.00250117
32  4.1  0.00164852
32  4.3  0.00109518
32  4.5  0.000733146
32  4.7  0.000494143
32  4.9  0.000335217
32  5.1  0.000228941
32  5.3  0.000156535
32  5.5  0.000107354
32  5.7  7.39851e-05
32  5.9  5.12331e-05
32  6.1  3.56989e-05
32  6.3  2.50291e-05
32  6.5  1.76617e-05
32  6.7  1.25191e-05
32  6.9  8.90369e-06
32  7.1  6.35565e-06
32  7.3  4.55421e-06
32  7.5  3.27503e-06
32  7.7  2.36124e-06
32  7.9  1.70762e-06
32  8.1  1.24e-06
32  8.3  9.02406e-07
32  8.5  6.59078e-07
32  8.7  4.82692e-07
32  8.9  3.53923e-07
32  9.1  2.60306e-07
32  9.3  1.92134e-07
32  9.5  1.41835e-07
32  9.7  1.05139e-07
32  9.9  7.80668e-08
32  10.1  5.80843e-08
32  10.3  4.3288e-08
32  10.5  3.23583e-08
32  10.7  2.42399e-08
32  10.9  1.81715e-08
32  11.1  1.36602e-08
32  11.3  1.02985e-08
32  11.5  7.77872e-09
32  11.7  5.87249e-09
32  11.9  4.44169e-09
