# fragmentation : BCFY (r=0.1)
# channel       : An0n
#   dipole file dir       : data/Pb/mve/glauber_mve_<b>
#   pD0 loop             : 0.1 to 12.0 GeV, step 0.2
#   fixed rapidity y      : 2.5
# ============================================================
# b  pD0  dsigma_dy
0  0.1  357.3
0  0.3  270.104
0  0.5  201.469
0  0.7  146.282
0  0.9  104.379
0  1.1  73.8303
0  1.3  52.0674
0  1.5  36.745
0  1.7  25.9936
0  1.9  18.4584
0  2.1  13.1664
0  2.3  9.44085
0  2.5  6.81245
0  2.7  4.94665
0  2.9  3.61596
0  3.1  2.66196
0  3.3  1.97224
0  3.5  1.47215
0  3.7  1.10548
0  3.9  0.834929
0  4.1  0.635032
0  4.3  0.485443
0  4.5  0.373674
0  4.7  0.289021
0  4.9  0.224689
0  5.1  0.175357
0  5.3  0.137646
0  5.5  0.108541
0  5.7  0.0860481
0  5.9  0.0683687
0  6.1  0.0546313
0  6.3  0.043772
0  6.5  0.0352066
0  6.7  0.0284049
0  6.9  0.0229971
0  7.1  0.0186777
0  7.3  0.0152158
0  7.5  0.0124305
0  7.7  0.0101822
0  7.9  0.00836367
0  8.1  0.00689167
0  8.3  0.00568705
0  8.5  0.0047102
0  8.7  0.00390309
0  8.9  0.00324443
0  9.1  0.00270311
0  9.3  0.00225577
0  9.5  0.0018862
0  9.7  0.00158023
0  9.9  0.00132715
0  10.1  0.0011157
0  10.3  0.000939867
0  10.5  0.00079313
0  10.7  0.000670907
0  10.9  0.000567302
0  11.1  0.000480826
0  11.3  0.000408115
0  11.5  0.000346824
0  11.7  0.000295183
0  11.9  0.000251611
2  0.1  357.03
2  0.3  269.898
2  0.5  201.314
2  0.7  146.167
2  0.9  104.295
2  1.1  73.7697
2  1.3  52.0229
2  1.5  36.712
2  1.7  25.9691
2  1.9  18.4403
2  2.1  13.1529
2  2.3  9.43078
2  2.5  6.80494
2  2.7  4.94102
2  2.9  3.61172
2  3.1  2.65876
2  3.3  1.9698
2  3.5  1.4703
2  3.7  1.10407
2  3.9  0.833847
2  4.1  0.634196
2  4.3  0.484797
2  4.5  0.37317
2  4.7  0.288627
2  4.9  0.22438
2  5.1  0.175114
2  5.3  0.137453
2  5.5  0.108388
2  5.7  0.0859265
2  5.9  0.068271
2  6.1  0.0545527
2  6.3  0.0437082
2  6.5  0.035155
2  6.7  0.028363
2  6.9  0.022963
2  7.1  0.0186499
2  7.3  0.015193
2  7.5  0.0124118
2  7.7  0.0101668
2  7.9  0.00835101
2  8.1  0.00688113
2  8.3  0.00567829
2  8.5  0.00470298
2  8.7  0.00389709
2  8.9  0.00323942
2  9.1  0.00269892
2  9.3  0.00225231
2  9.5  0.00188329
2  9.7  0.00157777
2  9.9  0.00132509
2  10.1  0.00111396
2  10.3  0.000938412
2  10.5  0.000791902
2  10.7  0.000669874
2  10.9  0.000566422
2  11.1  0.000480082
2  11.3  0.000407475
2  11.5  0.000346273
2  11.7  0.00029472
2  11.9  0.000251217
4  0.1  356.267
4  0.3  269.27
4  0.5  200.841
4  0.7  145.818
4  0.9  104.04
4  1.1  73.5837
4  1.3  51.8889
4  1.5  36.6112
4  1.7  25.8943
4  1.9  18.3859
4  2.1  13.1128
4  2.3  9.4002
4  2.5  6.78218
4  2.7  4.92415
4  2.9  3.59908
4  3.1  2.64911
4  3.3  1.9626
4  3.5  1.4647
4  3.7  1.09973
4  3.9  0.830631
4  4.1  0.631706
4  4.3  0.482832
4  4.5  0.3717
4  4.7  0.287445
4  4.9  0.223474
4  5.1  0.174544
4  5.3  0.136867
4  5.5  0.107937
4  5.7  0.0855487
4  5.9  0.0680461
4  6.1  0.0543005
4  6.3  0.0435041
4  6.5  0.0349826
4  6.7  0.0282476
4  6.9  0.0228654
4  7.1  0.0185655
4  7.3  0.0151271
4  7.5  0.0123607
4  7.7  0.0101257
4  7.9  0.00831883
4  8.1  0.0068508
4  8.3  0.00566056
4  8.5  0.00468293
4  8.7  0.00388162
4  8.9  0.00322725
4  9.1  0.00268919
4  9.3  0.00224381
4  9.5  0.00187677
4  9.7  0.00157447
4  9.9  0.00132171
4  10.1  0.00111225
4  10.3  0.0009374
4  10.5  0.000791442
4  10.7  0.000669478
4  10.9  0.000567168
4  11.1  0.000480873
4  11.3  0.000408493
4  11.5  0.000347093
4  11.7  0.000295796
4  11.9  0.000252304
6  0.1  354.831
6  0.3  268.225
6  0.5  200.056
6  0.7  145.237
6  0.9  103.618
6  1.1  73.2747
6  1.3  51.66
6  1.5  36.4447
6  1.7  25.7712
6  1.9  18.2932
6  2.1  13.0436
6  2.3  9.34921
6  2.5  6.74401
6  2.7  4.89533
6  2.9  3.5774
6  3.1  2.63286
6  3.3  1.95019
6  3.5  1.45537
6  3.7  1.09266
6  3.9  0.825119
6  4.1  0.627468
6  4.3  0.479577
6  4.5  0.369105
6  4.7  0.285454
6  4.9  0.221888
6  5.1  0.173312
6  5.3  0.135901
6  5.5  0.107156
6  5.7  0.084948
6  5.9  0.0674838
6  6.1  0.0539027
6  6.3  0.0431865
6  6.5  0.0347425
6  6.7  0.0280276
6  6.9  0.0226908
6  7.1  0.0184276
6  7.3  0.0150116
6  7.5  0.0122631
6  7.7  0.010051
6  7.9  0.00825412
6  8.1  0.00679801
6  8.3  0.00561305
6  8.5  0.00464584
6  8.7  0.0038493
6  8.9  0.00319967
6  9.1  0.00266511
6  9.3  0.0022241
6  9.5  0.00186011
6  9.7  0.00155806
6  9.9  0.00130855
6  10.1  0.0011001
6  10.3  0.00092675
6  10.5  0.000781966
6  10.7  0.000660857
6  10.9  0.000559295
6  11.1  0.000474018
6  11.3  0.000402284
6  11.5  0.000341947
6  11.7  0.000291045
6  11.9  0.000247981
8  0.1  352.854
8  0.3  266.719
8  0.5  198.924
8  0.7  144.399
8  0.9  103.008
8  1.1  72.8291
8  1.3  51.3331
8  1.5  36.2044
8  1.7  25.592
8  1.9  18.161
8  2.1  12.9454
8  2.3  9.27602
8  2.5  6.68937
8  2.7  4.85439
8  2.9  3.54665
8  3.1  2.60968
8  3.3  1.93263
8  3.5  1.442
8  3.7  1.08248
8  3.9  0.817302
8  4.1  0.621427
8  4.3  0.474916
8  4.5  0.365463
8  4.7  0.282613
8  4.9  0.219463
8  5.1  0.171398
8  5.3  0.134513
8  5.5  0.106051
8  5.7  0.0840633
8  5.9  0.0667806
8  6.1  0.053355
8  6.3  0.0427423
8  6.5  0.0343742
8  6.7  0.0277299
8  6.9  0.0224485
8  7.1  0.0182301
8  7.3  0.0148495
8  7.5  0.0121301
8  7.7  0.00993533
8  7.9  0.00816005
8  8.1  0.0067232
8  8.3  0.00555101
8  8.5  0.00459426
8  8.7  0.00380669
8  8.9  0.00316409
8  9.1  0.00263592
8  9.3  0.00219957
8  9.5  0.00183908
8  9.7  0.00154064
8  9.9  0.00129383
8  10.1  0.00108763
8  10.3  0.000916178
8  10.5  0.000773099
8  10.7  0.000653932
8  10.9  0.000552892
8  11.1  0.000468616
8  11.3  0.000397736
8  11.5  0.000338021
8  11.7  0.000287903
8  11.9  0.000245181
10  0.1  350.22
10  0.3  264.715
10  0.5  197.415
10  0.7  143.286
10  0.9  102.196
10  1.1  72.2364
10  1.3  50.8998
10  1.5  35.8827
10  1.7  25.3552
10  1.9  17.986
10  2.1  12.816
10  2.3  9.17902
10  2.5  6.61714
10  2.7  4.80055
10  2.9  3.50626
10  3.1  2.57912
10  3.3  1.90962
10  3.5  1.42439
10  3.7  1.06895
10  3.9  0.807031
10  4.1  0.613506
10  4.3  0.468745
10  4.5  0.360728
10  4.7  0.278883
10  4.9  0.216746
10  5.1  0.169248
10  5.3  0.132681
10  5.5  0.104612
10  5.7  0.0828948
10  5.9  0.0659233
10  6.1  0.0525965
10  6.3  0.0421272
10  6.5  0.0338705
10  6.7  0.0273111
10  6.9  0.0221299
10  7.1  0.0179721
10  7.3  0.014641
10  7.5  0.0119613
10  7.7  0.00980132
10  7.9  0.0080474
10  8.1  0.00663351
10  8.3  0.00547527
10  8.5  0.00453196
10  8.7  0.00375648
10  8.9  0.00312392
10  9.1  0.00260073
10  9.3  0.00217126
10  9.5  0.0018169
10  9.7  0.00152302
10  9.9  0.00127865
10  10.1  0.00107661
10  10.3  0.000907853
10  10.5  0.000766701
10  10.7  0.000648477
10  10.9  0.000549532
10  11.1  0.000465994
10  11.3  0.000395813
10  11.5  0.000336687
10  11.7  0.000286824
10  11.9  0.000244562
12  0.1  346.893
12  0.3  262.181
12  0.5  195.507
12  0.7  141.875
12  0.9  101.168
12  1.1  71.486
12  1.3  50.3491
12  1.5  35.48
12  1.7  25.0573
12  1.9  17.7635
12  2.1  12.6504
12  2.3  9.05656
12  2.5  6.52577
12  2.7  4.73195
12  2.9  3.45481
12  3.1  2.54042
12  3.3  1.8802
12  3.5  1.40155
12  3.7  1.05208
12  3.9  0.793998
12  4.1  0.603142
12  4.3  0.461004
12  4.5  0.354626
12  4.7  0.274164
12  4.9  0.212839
12  5.1  0.166183
12  5.3  0.130387
12  5.5  0.102773
12  5.7  0.081363
12  5.9  0.0646901
12  6.1  0.051675
12  6.3  0.0413885
12  6.5  0.0332802
12  6.7  0.026843
12  6.9  0.0217273
12  7.1  0.0176419
12  7.3  0.0143685
12  7.5  0.0117355
12  7.7  0.00961099
12  7.9  0.0078926
12  8.1  0.00650212
12  8.3  0.00536806
12  8.5  0.00444235
12  8.7  0.00368042
12  8.9  0.00305883
12  9.1  0.00254789
12  9.3  0.00212599
12  9.5  0.00177741
12  9.7  0.00148887
12  9.9  0.00125021
12  10.1  0.00105088
12  10.3  0.000885165
12  10.5  0.000746779
12  10.7  0.0006317
12  10.9  0.000534049
12  11.1  0.000452619
12  11.3  0.00038413
12  11.5  0.000326433
12  11.7  0.000278039
12  11.9  0.000236763
14  0.1  342.724
14  0.3  259.009
14  0.5  193.125
14  0.7  140.114
14  0.9  99.8869
14  1.1  70.5515
14  1.3  49.6656
14  1.5  34.9767
14  1.7  24.6844
14  1.9  17.4876
14  2.1  12.446
14  2.3  8.90472
14  2.5  6.41258
14  2.7  4.64732
14  2.9  3.39139
14  3.1  2.49264
14  3.3  1.84407
14  3.5  1.37414
14  3.7  1.03116
14  3.9  0.777988
14  4.1  0.590805
14  4.3  0.451462
14  4.5  0.347193
14  4.7  0.268366
14  4.9  0.208294
14  5.1  0.162605
14  5.3  0.127556
14  5.5  0.100525
14  5.7  0.079572
14  5.9  0.0632575
14  6.1  0.0505235
14  6.3  0.0404611
14  6.5  0.0325308
14  6.7  0.0262355
14  6.9  0.0212336
14  7.1  0.0172392
14  7.3  0.0140395
14  7.5  0.0114656
14  7.7  0.00938906
14  7.9  0.0077097
14  8.1  0.00635081
14  8.3  0.00524288
14  8.5  0.00433833
14  8.7  0.00359399
14  8.9  0.00298681
14  9.1  0.00248771
14  9.3  0.00207716
14  9.5  0.00173526
14  9.7  0.00145349
14  9.9  0.00122043
14  10.1  0.00102581
14  10.3  0.000864021
14  10.5  0.000728928
14  10.7  0.000616567
14  10.9  0.00052121
14  11.1  0.000441719
14  11.3  0.00037487
14  11.5  0.000318534
14  11.7  0.000271292
14  11.9  0.000231181
16  0.1  337.59
16  0.3  255.099
16  0.5  190.253
16  0.7  137.943
16  0.9  98.3069
16  1.1  69.399
16  1.3  48.8234
16  1.5  34.3571
16  1.7  24.229
16  1.9  17.1493
16  2.1  12.1958
16  2.3  8.71895
16  2.5  6.27424
16  2.7  4.54407
16  2.9  3.31405
16  3.1  2.43444
16  3.3  1.80007
16  3.5  1.34076
16  3.7  1.0057
16  3.9  0.758871
16  4.1  0.575805
16  4.3  0.439861
16  4.5  0.338166
16  4.7  0.261331
16  4.9  0.20278
16  5.1  0.158269
16  5.3  0.124132
16  5.5  0.0978065
16  5.7  0.0774055
16  5.9  0.0615239
16  6.1  0.0491309
16  6.3  0.0393395
16  6.5  0.0316245
16  6.7  0.0255013
16  6.9  0.0206369
16  7.1  0.0167524
16  7.3  0.0136412
16  7.5  0.0111392
16  7.7  0.00912076
16  7.9  0.00748851
16  8.1  0.00616801
16  8.3  0.00509165
16  8.5  0.00421279
16  8.7  0.00348966
16  8.9  0.00289989
16  9.1  0.00241504
16  9.3  0.00201631
16  9.5  0.0016843
16  9.7  0.00141069
16  9.9  0.00118434
16  10.1  0.000995433
16  10.3  0.000838374
16  10.5  0.000707232
16  10.7  0.000598165
16  10.9  0.000505623
16  11.1  0.000428486
16  11.3  0.000363619
16  11.5  0.000308944
16  11.7  0.000263126
16  11.9  0.000224211
18  0.1  331.29
18  0.3  250.31
18  0.5  186.646
18  0.7  135.275
18  0.9  96.3696
18  1.1  67.9861
18  1.3  47.7911
18  1.5  33.5979
18  1.7  23.6705
18  1.9  16.7358
18  2.1  11.8906
18  2.3  8.49508
18  2.5  6.10595
18  2.7  4.41861
18  2.9  3.22016
18  3.1  2.36385
18  3.3  1.74678
18  3.5  1.30036
18  3.7  0.974921
18  3.9  0.735218
18  4.1  0.557686
18  4.3  0.425849
18  4.5  0.327276
18  4.7  0.25284
18  4.9  0.196131
18  5.1  0.153033
18  5.3  0.119995
18  5.5  0.0945233
18  5.7  0.0747888
18  5.9  0.0594324
18  6.1  0.0474508
18  6.3  0.0379869
18  6.5  0.0305318
18  6.7  0.0246161
18  6.9  0.0199174
18  7.1  0.016166
18  7.3  0.0131617
18  7.5  0.0107463
18  7.7  0.0087978
18  7.9  0.00722242
18  8.1  0.00594815
18  8.3  0.00490943
18  8.5  0.00406161
18  8.7  0.00336415
18  8.9  0.00279527
18  9.1  0.00232757
18  9.3  0.00194322
18  9.5  0.00162307
18  9.7  0.00135929
18  9.9  0.0011411
18  10.1  0.000958994
18  10.3  0.000807623
18  10.5  0.000681246
18  10.7  0.000576135
18  10.9  0.000486965
18  11.1  0.000412639
18  11.3  0.000350138
18  11.5  0.00029745
18  11.7  0.000253314
18  11.9  0.000215841
20  0.1  323.483
20  0.3  244.375
20  0.5  182.126
20  0.7  131.987
20  0.9  93.9732
20  1.1  66.2241
20  1.3  46.5175
20  1.5  32.6621
20  1.7  22.9838
20  1.9  16.2288
20  2.1  11.5167
20  2.3  8.21815
20  2.5  5.90061
20  2.7  4.26678
20  2.9  3.10583
20  3.1  2.27801
20  3.3  1.68205
20  3.5  1.25134
20  3.7  0.937583
20  3.9  0.706635
20  4.1  0.535757
20  4.3  0.408907
20  4.5  0.313877
20  4.7  0.242577
20  4.9  0.188097
20  5.1  0.146708
20  5.3  0.115001
20  5.5  0.0905612
20  5.7  0.0716368
20  5.9  0.0569116
20  6.1  0.0454271
20  6.3  0.03635
20  6.5  0.0292157
20  6.7  0.0235499
20  6.9  0.0190515
20  7.1  0.0154601
20  7.3  0.0125847
20  7.5  0.0102731
20  7.7  0.00840894
20  7.9  0.00690199
20  8.1  0.00568351
20  8.3  0.00469032
20  8.5  0.00387984
20  8.7  0.00321315
20  8.9  0.00266956
20  9.1  0.00222242
20  9.3  0.00185382
20  9.5  0.00154948
20  9.7  0.00129752
20  9.9  0.00108914
20  10.1  0.000915202
20  10.3  0.000770675
20  10.5  0.000650023
20  10.7  0.000549134
20  10.9  0.000464535
20  11.1  0.000393592
20  11.3  0.000333947
20  11.5  0.000283682
20  11.7  0.000241548
20  11.9  0.000205817
22  0.1  313.709
22  0.3  236.951
22  0.5  176.542
22  0.7  127.878
22  0.9  90.98
22  1.1  64.0464
22  1.3  44.9296
22  1.5  31.4978
22  1.7  22.1307
22  1.9  15.6013
22  2.1  11.0541
22  2.3  7.87649
22  2.5  5.64768
22  2.7  4.07756
22  2.9  2.96678
22  3.1  2.17283
22  3.3  1.60378
22  3.5  1.19141
22  3.7  0.891981
22  3.9  0.671898
22  4.1  0.509017
22  4.3  0.388262
22  4.5  0.297869
22  4.7  0.230093
22  4.9  0.178322
22  5.1  0.139156
22  5.3  0.108939
22  5.5  0.0857537
22  5.7  0.0678103
22  5.9  0.0538528
22  6.1  0.0429733
22  6.3  0.0343755
22  6.5  0.0276213
22  6.7  0.0222586
22  6.9  0.0180028
22  7.1  0.0146056
22  7.3  0.011886
22  7.5  0.00970069
22  7.7  0.00794056
22  7.9  0.00651504
22  8.1  0.00536402
22  8.3  0.00442551
22  8.5  0.00365802
22  8.7  0.00303078
22  8.9  0.00251756
22  9.1  0.00209584
22  9.3  0.00174763
22  9.5  0.00146069
22  9.7  0.00122283
22  9.9  0.00102595
22  10.1  0.000862245
22  10.3  0.000726001
22  10.5  0.000612353
22  10.7  0.000517174
22  10.9  0.00043793
22  11.1  0.000370624
22  11.3  0.000314396
22  11.5  0.000267324
22  11.7  0.000227391
22  11.9  0.000193731
24  0.1  301.27
24  0.3  227.506
24  0.5  169.439
24  0.7  122.665
24  0.9  87.1801
24  1.1  61.2846
24  1.3  42.9166
24  1.5  30.0281
24  1.7  21.0555
24  1.9  14.8026
24  2.1  10.4748
24  2.3  7.44956
24  2.5  5.33285
24  2.7  3.84364
24  2.9  2.79278
24  3.1  2.04248
24  3.3  1.50582
24  3.5  1.11798
24  3.7  0.835778
24  3.9  0.628966
24  4.1  0.476112
24  4.3  0.362888
24  4.5  0.278222
24  4.7  0.214775
24  4.9  0.166343
24  5.1  0.129746
24  5.3  0.101521
24  5.5  0.0799481
24  5.7  0.0631311
24  5.9  0.0501154
24  6.1  0.0399741
24  6.3  0.0319732
24  6.5  0.0256627
24  6.7  0.0206899
24  6.9  0.0167243
24  7.1  0.0135642
24  7.3  0.0110352
24  7.5  0.00900243
24  7.7  0.00736431
24  7.9  0.0060428
24  8.1  0.00497212
24  8.3  0.00410505
24  8.5  0.00339064
24  8.7  0.00280868
24  8.9  0.00233253
24  9.1  0.00194118
24  9.3  0.00161861
24  9.5  0.00135251
24  9.7  0.00113214
24  9.9  0.000949643
24  10.1  0.000798039
24  10.3  0.000671794
24  10.5  0.000566424
24  10.7  0.000478371
24  10.9  0.000404605
24  11.1  0.000342729
24  11.3  0.000290716
24  11.5  0.000247173
24  11.7  0.000210171
24  11.9  0.000179051
26  0.1  285.123
26  0.3  215.249
26  0.5  160.231
26  0.7  115.928
26  0.9  82.2582
26  1.1  57.7194
26  1.3  40.3264
26  1.5  28.1424
26  1.7  19.6689
26  1.9  13.7984
26  2.1  9.73045
26  2.3  6.90722
26  2.5  4.93416
26  2.7  3.54922
26  2.9  2.5743
26  3.1  1.88005
26  3.3  1.38338
26  3.5  1.02562
26  3.7  0.765768
26  3.9  0.575559
26  4.1  0.43522
26  4.3  0.331418
26  4.5  0.253881
26  4.7  0.195748
26  4.9  0.151535
26  5.1  0.118004
26  5.3  0.0923447
26  5.5  0.0726558
26  5.7  0.0573547
26  5.9  0.0455017
26  6.1  0.0362762
26  6.3  0.0290023
26  6.5  0.0232656
26  6.7  0.0187493
26  6.9  0.0151466
26  7.1  0.0122793
26  7.3  0.00998707
26  7.5  0.00814938
26  7.7  0.00665898
26  7.9  0.0054616
26  8.1  0.00449384
26  8.3  0.00370537
26  8.5  0.00306262
26  8.7  0.00253762
26  8.9  0.00210561
26  9.1  0.00175291
26  9.3  0.00146131
26  9.5  0.00121983
26  9.7  0.00102107
26  9.9  0.000856744
26  10.1  0.000719429
26  10.3  0.000605363
26  10.5  0.000510361
26  10.7  0.000430982
26  10.9  0.000364748
26  11.1  0.000308576
26  11.3  0.000261678
26  11.5  0.000222405
26  11.7  0.000189003
26  11.9  0.000161077
28  0.1  263.912
28  0.3  199.168
28  0.5  148.164
28  0.7  107.113
28  0.9  75.8369
28  1.1  53.0687
28  1.3  36.9588
28  1.5  25.7019
28  1.7  17.8971
28  1.9  12.5094
28  2.1  8.7913
28  2.3  6.21998
28  2.5  4.42857
28  2.7  3.179
28  2.9  2.29918
28  3.1  1.67543
28  3.3  1.23031
28  3.5  0.910411
28  3.7  0.678552
28  3.9  0.509227
28  4.1  0.384497
28  4.3  0.292421
28  4.5  0.223733
28  4.7  0.172204
28  4.9  0.133248
28  5.1  0.10366
28  5.3  0.081058
28  5.5  0.0636773
28  5.7  0.0503029
28  5.9  0.0398415
28  6.1  0.0317114
28  6.3  0.0253581
28  6.5  0.0203316
28  6.7  0.0163761
28  6.9  0.0132211
28  7.1  0.0107133
28  7.3  0.00870872
28  7.5  0.00709866
28  7.7  0.00580265
28  7.9  0.00475603
28  8.1  0.00391019
28  8.3  0.0032234
28  8.5  0.00266331
28  8.7  0.00220466
28  8.9  0.00182969
28  9.1  0.00152176
28  9.3  0.00126807
28  9.5  0.00105899
28  9.7  0.000885904
28  9.9  0.000742715
28  10.1  0.000623754
28  10.3  0.000524801
28  10.5  0.000442321
28  10.7  0.0003733
28  10.9  0.000315596
28  11.1  0.000267422
28  11.3  0.000226722
28  11.5  0.000192454
28  11.7  0.000163626
28  11.9  0.00013932
30  0.1  236.352
30  0.3  178.369
30  0.5  132.567
30  0.7  95.643
30  0.9  67.5203
30  1.1  47.0775
30  1.3  32.6395
30  1.5  22.594
30  1.7  15.6583
30  1.9  10.8863
30  2.1  7.62279
30  2.3  5.36814
30  2.5  3.80843
30  2.7  2.72327
30  2.9  1.96336
30  3.1  1.42813
30  3.3  1.04604
30  3.5  0.77157
30  3.7  0.573507
30  3.9  0.429412
30  4.1  0.324235
30  4.3  0.246455
30  4.5  0.188419
30  4.7  0.144944
30  4.9  0.112203
30  5.1  0.0872803
30  5.3  0.0682861
30  5.5  0.0536641
30  5.7  0.0424722
30  5.9  0.0336865
30  6.1  0.0268802
30  6.3  0.021534
30  6.5  0.0172273
30  6.7  0.0137972
30  6.9  0.0110806
30  7.1  0.00892399
30  7.3  0.00721278
30  7.5  0.00586158
30  7.7  0.00478754
30  7.9  0.00392288
30  8.1  0.00322235
30  8.3  0.00265585
30  8.5  0.00219153
30  8.7  0.00181438
30  8.9  0.00150438
30  9.1  0.00125081
30  9.3  0.00104161
30  9.5  0.000869321
30  9.7  0.000727189
30  9.9  0.000609115
30  10.1  0.000511489
30  10.3  0.000430075
30  10.5  0.000362571
30  10.7  0.000305825
30  10.9  0.000258463
30  11.1  0.000218669
30  11.3  0.000185314
30  11.5  0.000157372
30  11.7  0.000133744
30  11.9  0.00011382
32  0.1  202.865
32  0.3  152.951
32  0.5  113.686
32  0.7  81.8421
32  0.9  57.6134
32  1.1  40.023
32  1.3  27.6054
32  1.5  18.9168
32  1.7  12.9888
32  1.9  8.96347
32  2.1  6.23615
32  2.3  4.36545
32  2.5  3.07932
32  2.7  2.19249
32  2.9  1.57379
32  3.1  1.1392
32  3.3  0.83124
32  3.5  0.611745
32  3.7  0.453469
32  3.9  0.338762
32  4.1  0.254934
32  4.3  0.193051
32  4.5  0.147076
32  4.7  0.112809
32  4.9  0.0870738
32  5.1  0.0674774
32  5.3  0.0526569
32  5.5  0.0412291
32  5.7  0.0324573
32  5.9  0.0256668
32  6.1  0.0203833
32  6.3  0.0162568
32  6.5  0.0130122
32  6.7  0.0104558
32  6.9  0.00843106
32  7.1  0.00682003
32  7.3  0.00553381
32  7.5  0.00450394
32  7.7  0.00367622
32  7.9  0.00301035
32  8.1  0.00247028
32  8.3  0.00203425
32  8.5  0.00167866
32  8.7  0.00138783
32  8.9  0.00115006
32  9.1  0.000955526
32  9.3  0.000795285
32  9.5  0.000663215
32  9.7  0.00055427
32  9.9  0.000464217
32  10.1  0.000389478
32  10.3  0.000327514
32  10.5  0.000275687
32  10.7  0.000232401
32  10.9  0.000196408
32  11.1  0.000166056
32  11.3  0.000140661
32  11.5  0.000119394
32  11.7  0.000101346
32  11.9  8.62478e-05
